mean:0.149500,,,,,,,,,,,,,,,,,,,,
mean:0.149500,,,,,,,,,,,,,,,,,,,,
0.1495, [[0.0, 0.7527708073872894], [0.6427, 0.0], [0.0, 0.7498881516567091], [0.0, 0.0], [0.0, 0.7463450027159164], [0.0, 0.0], [0.0, 0.7432964921238462], [0.0, 0.0], [0.0, 0.7356982074959266], [0.0, 0.0]]
