mean:0.210000,,,,,,,,,,,,,,,,,,,,
mean:0.210000,,,,,,,,,,,,,,,,,,,,
0.21, [[1.0, 0.0], [0.0, 1.0], [0.9998243533734803, 0.0], [0.0, 0.9868456953295524], [0.9996945371401472, 0.0], [0.0, 0.9418727333042359], [0.9990495127307741, 0.0], [0.0, 0.923070006110869], [0.9985937305669521, 0.0], [0.0, 0.9223070763858603]]
