run,budget,hv
1,10,0.09379550662010468
1,20,0.09379550662010468
1,30,0.09379550662010468
1,40,0.093948217029533
1,50,0.09675084490043352
1,60,0.09675084490043352
1,70,0.09675084490043352
1,80,0.09675084490043352
1,90,0.09675084490043352
1,100,0.09675084490043352
1,110,0.09682458470079446
1,120,0.09682458470079446
1,130,0.09682458470079446
1,140,0.09682458470079446
1,150,0.09682458470079446
1,160,0.09682458470079446
1,170,0.09682458470079446
1,177,0.09682458470079446
2,10,0.0859109668807905
2,20,0.08739005409806717
2,30,0.08739005409806717
2,40,0.09614514024383851
2,50,0.09614514024383851
2,60,0.11122066884660672
2,70,0.11122066884660672
2,80,0.11122066884660672
2,90,0.11122066884660672
2,100,0.11122066884660672
2,110,0.11122066884660672
2,120,0.11122066884660672
2,130,0.11122066884660672
2,140,0.11122066884660672
2,150,0.11122066884660672
2,160,0.11122066884660672
2,170,0.11122066884660672
2,177,0.11122066884660672
3,10,0.08863371215644275
3,20,0.08863371215644275
3,30,0.08863371215644275
3,40,0.08863371215644275
3,50,0.08863371215644275
3,60,0.08863371215644275
3,70,0.08863371215644275
3,80,0.08863371215644275
3,90,0.08863371215644275
3,100,0.08863371215644275
3,110,0.09204399278690542
3,120,0.09204399278690542
3,130,0.09204399278690542
3,140,0.09207987464343599
3,150,0.09207987464343599
3,160,0.09207987464343599
3,170,0.09207987464343599
3,176,0.09207987464343599
4,10,0.08400005876799493
4,20,0.09297032284269341
4,30,0.11712561094374788
4,40,0.11712561094374788
4,50,0.11712561094374788
4,60,0.11719334607019063
4,70,0.11719334607019063
4,80,0.11719334607019063
4,90,0.1180554325660943
4,100,0.1180554325660943
4,110,0.1180554325660943
4,120,0.1180554325660943
4,130,0.1180554325660943
4,140,0.1180554325660943
4,150,0.1180554325660943
4,160,0.1180554325660943
4,170,0.1180554325660943
4,177,0.1180554325660943
5,10,0.09648474680446278
5,20,0.09672137534550804
5,30,0.09753675652178678
5,40,0.09797688436678413
5,50,0.09797688436678413
5,60,0.10040976177610947
5,70,0.10040976177610947
5,80,0.10040976177610947
5,90,0.10040976177610947
5,100,0.10040976177610947
5,110,0.10040976177610947
5,120,0.10040976177610947
5,130,0.10040976177610947
5,140,0.10040976177610947
5,150,0.10040976177610947
5,160,0.10040976177610947
5,170,0.10040976177610947
5,177,0.10040976177610947
6,10,0.08657735872474062
6,20,0.08657735872474062
6,30,0.08665710874938075
6,40,0.08665710874938075
6,50,0.08716600094824231
6,60,0.12481894172526285
6,70,0.12481894172526285
6,80,0.12485149966006999
6,90,0.12485149966006999
6,100,0.12485149966006999
6,110,0.12485149966006999
6,120,0.12485149966006999
6,130,0.12485149966006999
6,140,0.12485149966006999
6,150,0.12485149966006999
6,160,0.12806822760195183
6,170,0.12806822760195183
6,177,0.12806822760195183
7,10,0.08262258154481492
7,20,0.09555896360105606
7,30,0.09555896360105606
7,40,0.09555896360105606
7,50,0.09555896360105606
7,60,0.09631019064719362
7,70,0.09631019064719362
7,80,0.09631019064719362
7,90,0.09631019064719362
7,100,0.09631019064719362
7,110,0.09975160928218554
7,120,0.09978077733243038
7,130,0.10001679566087612
7,140,0.10001679566087612
7,150,0.10001679566087612
7,160,0.10001679566087612
7,170,0.10001679566087612
7,175,0.10001679566087612
8,10,0.0628897988891081
8,20,0.08993001200618816
8,30,0.09210858468842673
8,40,0.09210858468842673
8,50,0.1127853464213335
8,60,0.1127853464213335
8,70,0.11806018902221882
8,80,0.11806018902221882
8,90,0.11806018902221882
8,100,0.11806018902221882
8,110,0.11806018902221882
8,120,0.11806018902221882
8,130,0.11806018902221882
8,140,0.11806018902221882
8,150,0.11806018902221882
8,160,0.11806018902221882
8,170,0.11806018902221882
8,177,0.11806018902221882
9,10,0.12223939378802844
9,20,0.12307475813777469
9,30,0.12307475813777469
9,40,0.12307475813777469
9,50,0.12307475813777469
9,60,0.12307475813777469
9,70,0.12307475813777469
9,80,0.12307475813777469
9,90,0.12314640179782431
9,100,0.12314640179782431
9,110,0.12314640179782431
9,120,0.12314640179782431
9,130,0.12314640179782431
9,140,0.12314640179782431
9,150,0.12314640179782431
9,160,0.12314640179782431
9,170,0.12314640179782431
9,177,0.12314640179782431
10,10,0.09679213819023881
10,20,0.09679213819023881
10,30,0.09679213819023881
10,40,0.09679213819023881
10,50,0.09679213819023881
10,60,0.09679213819023881
10,70,0.09679213819023881
10,80,0.0974512346958962
10,90,0.0974512346958962
10,100,0.0974512346958962
10,110,0.0974512346958962
10,120,0.0974843818479377
10,130,0.0974843818479377
10,140,0.0974843818479377
10,150,0.0974843818479377
10,160,0.0974843818479377
10,170,0.0974843818479377
10,178,0.0974843818479377
11,10,0.029817983470424428
11,20,0.030352025863534082
11,30,0.10353173755095943
11,40,0.10353173755095943
11,50,0.1035866422859019
11,60,0.1035866422859019
11,70,0.1035866422859019
11,80,0.1035866422859019
11,90,0.1035866422859019
11,100,0.1035866422859019
11,110,0.1035866422859019
11,120,0.1035866422859019
11,130,0.1035866422859019
11,140,0.10446576167890818
11,150,0.10446576167890818
11,160,0.10446576167890818
11,170,0.10694879240575576
11,178,0.10694879240575576
12,10,0.025283744666936912
12,20,0.07298668456052652
12,30,0.11273327237525559
12,40,0.11273327237525559
12,50,0.11273327237525559
12,60,0.11273327237525559
12,70,0.11273327237525559
12,80,0.11273327237525559
12,90,0.11273327237525559
12,100,0.11273327237525559
12,110,0.11291492804861449
12,120,0.11291492804861449
12,130,0.11291492804861449
12,140,0.11291492804861449
12,150,0.11337260091288112
12,160,0.11337260091288112
12,170,0.11337260091288112
12,178,0.11337260091288112
13,10,0.014207061264854102
13,20,0.015714769494366298
13,30,0.08923877224990273
13,40,0.08923877224990273
13,50,0.10959166148543562
13,60,0.10959166148543562
13,70,0.11345117641569231
13,80,0.11345117641569231
13,90,0.11345117641569231
13,100,0.11345117641569231
13,110,0.11585873634975971
13,120,0.11585873634975971
13,130,0.11757195177532546
13,140,0.1185635875687909
13,150,0.1185635875687909
13,160,0.1185635875687909
13,170,0.1185635875687909
13,177,0.1185635875687909
14,10,0.08922502866281935
14,20,0.08922502866281935
14,30,0.08922502866281935
14,40,0.08922502866281935
14,50,0.08922502866281935
14,60,0.08922502866281935
14,70,0.08922502866281935
14,80,0.08976871495231224
14,90,0.08976871495231224
14,100,0.09098047904089236
14,110,0.09098047904089236
14,120,0.09098047904089236
14,130,0.09098047904089236
14,140,0.09098047904089236
14,150,0.10442294461875572
14,160,0.10442294461875572
14,170,0.11186620362332439
14,176,0.11186620362332439
15,10,0.010594975900725508
15,20,0.013565461748024647
15,30,0.013565461748024647
15,40,0.027342473522227174
15,50,0.1198513908344156
15,60,0.1198513908344156
15,70,0.12034981010829138
15,80,0.12034981010829138
15,90,0.12034981010829138
15,100,0.12034981010829138
15,110,0.12034981010829138
15,120,0.12034981010829138
15,130,0.12034981010829136
15,140,0.1206394700372334
15,150,0.1206394700372334
15,160,0.12070459253554154
15,170,0.12070459253554154
15,177,0.12070459253554154
16,10,0.08050101457229097
16,20,0.08050101457229097
16,30,0.08050101457229097
16,40,0.08050101457229097
16,50,0.08050101457229097
16,60,0.09519974711128774
16,70,0.09520219768372205
16,80,0.09520219768372205
16,90,0.09520219768372205
16,100,0.09520219768372205
16,110,0.09520219768372205
16,120,0.09520219768372205
16,130,0.09520219768372205
16,140,0.09520219768372205
16,150,0.09520219768372205
16,160,0.09790302502547862
16,170,0.09790302502547862
16,176,0.09790302502547862
17,10,0.025236830652827162
17,20,0.028119815184185736
17,30,0.08687921031683918
17,40,0.08687921031683918
17,50,0.09038939514915399
17,60,0.09084678940281238
17,70,0.09084678940281238
17,80,0.09084678940281238
17,90,0.09618203395847356
17,100,0.09618203395847356
17,110,0.09708389864609683
17,120,0.09708389864609683
17,130,0.09708389864609683
17,140,0.09708389864609683
17,150,0.102811395142767
17,160,0.102811395142767
17,170,0.102811395142767
17,175,0.102811395142767
18,10,0.12175361916036856
18,20,0.12175361916036856
18,30,0.12175361916036856
18,40,0.12175361916036856
18,50,0.12175361916036856
18,60,0.12175361916036856
18,70,0.12175361916036856
18,80,0.12175361916036856
18,90,0.12175361916036856
18,100,0.12175361916036856
18,110,0.12222417854613683
18,120,0.12222417854613683
18,130,0.1223311620647165
18,140,0.1223311620647165
18,150,0.1223311620647165
18,160,0.1223311620647165
18,170,0.1223311620647165
18,178,0.1223311620647165
19,10,0.023890042855508595
19,20,0.05259865766335038
19,30,0.05386521864363834
19,40,0.05386521864363834
19,50,0.09142412556816638
19,60,0.0918860884553972
19,70,0.0918860884553972
19,80,0.09787780744787018
19,90,0.09787780744787018
19,100,0.09798292895813411
19,110,0.09798292895813411
19,120,0.09798292895813411
19,130,0.09798292895813411
19,140,0.09798292895813411
19,150,0.09798292895813411
19,160,0.09798292895813411
19,170,0.09798292895813411
19,178,0.09798292895813411
20,10,0.08810271156563809
20,20,0.08810271156563809
20,30,0.08898470569245764
20,40,0.08898470569245764
20,50,0.08898470569245764
20,60,0.08898470569245764
20,70,0.09932044587660263
20,80,0.1244048383852088
20,90,0.12463845565342445
20,100,0.1258295598987323
20,110,0.1258295598987323
20,120,0.1258295598987323
20,130,0.1258295598987323
20,140,0.1258295598987323
20,150,0.1258295598987323
20,160,0.12597220644508916
20,170,0.12597220644508916
20,177,0.12597220644508916
21,10,0.10087125183014263
21,20,0.10991840534071196
21,30,0.10991840534071196
21,40,0.12552435618057864
21,50,0.12556360541360367
21,60,0.12556360541360367
21,70,0.12556360541360367
21,80,0.12556360541360367
21,90,0.12556360541360367
21,100,0.12556360541360367
21,110,0.12567946246187797
21,120,0.12567946246187797
21,130,0.12567946246187797
21,140,0.12567946246187797
21,150,0.12567946246187797
21,160,0.12567946246187797
21,170,0.12567946246187797
21,175,0.12919568587330915
22,10,0.06514573122421358
22,20,0.06514573122421358
22,30,0.06514573122421358
22,40,0.06514573122421358
22,50,0.06514573122421358
22,60,0.1259250433776565
22,70,0.1286902782143236
22,80,0.12898843833839307
22,90,0.12898843833839307
22,100,0.1290268479800568
22,110,0.1290268479800568
22,120,0.1290268479800568
22,130,0.1290268479800568
22,140,0.1290268479800568
22,150,0.1290268479800568
22,160,0.1290268479800568
22,170,0.1290268479800568
22,177,0.1290268479800568
23,10,0.08890795550723436
23,20,0.08890795550723436
23,30,0.11083385132981179
23,40,0.12276356034431592
23,50,0.12276356034431592
23,60,0.12276356034431592
23,70,0.12276356034431592
23,80,0.12276356034431592
23,90,0.12276356034431592
23,100,0.12276356034431592
23,110,0.12276356034431592
23,120,0.12276356034431592
23,130,0.12506554588184743
23,140,0.12506554588184743
23,150,0.12660812049878017
23,160,0.12660812049878017
23,170,0.12660812049878017
23,176,0.12660812049878017
24,10,0.07159614048999993
24,20,0.08055795934099202
24,30,0.08055795934099202
24,40,0.08065708714283355
24,50,0.0846224390916253
24,60,0.08527203284370935
24,70,0.08527203284370935
24,80,0.08536981859940526
24,90,0.08548935742188746
24,100,0.08548935742188746
24,110,0.08548935742188746
24,120,0.08548935742188746
24,130,0.08548935742188746
24,140,0.08548935742188746
24,150,0.08548935742188746
24,160,0.09691177949500589
24,170,0.09691177949500589
24,179,0.09691177949500589
25,10,0.07159614048999993
25,20,0.07159614048999993
25,30,0.08133735333457472
25,40,0.08133735333457472
25,50,0.08133735333457472
25,60,0.08133735333457472
25,70,0.08142828649383481
25,80,0.08142828649383481
25,90,0.08142828649383481
25,100,0.08870134693170391
25,110,0.08870134693170391
25,120,0.08870134693170391
25,130,0.08870134693170391
25,140,0.08870134693170391
25,150,0.08870134693170391
25,160,0.08870134693170391
25,170,0.08870134693170391
25,176,0.08870134693170391
26,10,0.05523458075456477
26,20,0.07898037835431963
26,30,0.08802363869928138
26,40,0.08802363869928138
26,50,0.09183856749760363
26,60,0.09249714334596469
26,70,0.09260363331325547
26,80,0.09260363331325547
26,90,0.09260363331325547
26,100,0.09519450340001695
26,110,0.11083144747340454
26,120,0.11083144747340454
26,130,0.11083144747340454
26,140,0.11083144747340454
26,150,0.11083144747340454
26,160,0.11083144747340454
26,170,0.1108677491472146
26,175,0.1108677491472146
27,10,0.1145391604562882
27,20,0.12437439911408202
27,30,0.12437439911408202
27,40,0.12437439911408202
27,50,0.12786300373669718
27,60,0.12786300373669718
27,70,0.12786300373669718
27,80,0.12786300373669718
27,90,0.12786300373669718
27,100,0.12786300373669718
27,110,0.12786300373669718
27,120,0.12786300373669718
27,130,0.12786300373669718
27,140,0.12786300373669718
27,150,0.12786300373669718
27,160,0.12786300373669718
27,170,0.12786300373669718
27,177,0.12786300373669718
28,10,0.06815622494973755
28,20,0.06815622494973755
28,30,0.06815622494973755
28,40,0.06815622494973755
28,50,0.07279231835334869
28,60,0.07346503462085341
28,70,0.09151627862634944
28,80,0.09455832760512813
28,90,0.09455832760512813
28,100,0.09524254985473417
28,110,0.0953046916503579
28,120,0.09986765141160123
28,130,0.09986765141160123
28,140,0.09986765141160123
28,150,0.09986765141160123
28,160,0.1154152937108203
28,170,0.11555140141891865
28,174,0.11555140141891865
29,10,0.09844493339137789
29,20,0.09844493339137789
29,30,0.09844493339137789
29,40,0.09844493339137789
29,50,0.09844493339137789
29,60,0.09844493339137789
29,70,0.10108412934145729
29,80,0.10108412934145729
29,90,0.10108412934145729
29,100,0.10108412934145729
29,110,0.10108412934145729
29,120,0.10108412934145729
29,130,0.10108412934145729
29,140,0.10108412934145729
29,150,0.10108412934145729
29,160,0.1011255152234785
29,170,0.1011255152234785
29,176,0.1011255152234785
30,10,0.0794620547958651
30,20,0.11036548512981045
30,30,0.11036548512981045
30,40,0.11604249237196405
30,50,0.11604249237196405
30,60,0.11604249237196405
30,70,0.11604249237196405
30,80,0.11604249237196405
30,90,0.11604249237196405
30,100,0.11604249237196405
30,110,0.11604843094516504
30,120,0.11604843094516504
30,130,0.11604843094516504
30,140,0.11604843094516504
30,150,0.11604843094516504
30,160,0.11604843094516504
30,170,0.11604843094516504
30,178,0.11608409258175426
31,10,0.024340710734597464
31,20,0.024340710734597464
31,30,0.024340710734597464
31,40,0.024340710734597464
31,50,0.06394410376647369
31,60,0.06394410376647369
31,70,0.06394410376647369
31,80,0.06394410376647369
31,90,0.06394410376647369
31,100,0.06394410376647369
31,110,0.06394410376647369
31,120,0.06394410376647369
31,130,0.06394410376647369
31,140,0.06394410376647369
31,150,0.06394410376647369
31,160,0.06473791452974313
31,170,0.06473791452974313
31,176,0.06473791452974313
32,10,0.050250895251123515
32,20,0.050250895251123515
32,30,0.050250895251123515
32,40,0.0638848445450173
32,50,0.0638848445450173
32,60,0.0638848445450173
32,70,0.0638848445450173
32,80,0.08945498277114314
32,90,0.119809500967991
32,100,0.12070459253554154
32,110,0.12070459253554154
32,120,0.12287830415420008
32,130,0.12287830415420008
32,140,0.12287830415420008
32,150,0.12338810096877863
32,160,0.12338810096877863
32,170,0.12338810096877863
32,175,0.12338810096877863
33,10,0.0895491191574047
33,20,0.0895491191574047
33,30,0.09152876314046571
33,40,0.09152876314046571
33,50,0.09210714066608973
33,60,0.09210714066608973
33,70,0.09210714066608973
33,80,0.09210714066608973
33,90,0.09210714066608973
33,100,0.092575123854388
33,110,0.092575123854388
33,120,0.09267903378671373
33,130,0.09267903378671373
33,140,0.09267903378671373
33,150,0.09267903378671373
33,160,0.09267903378671373
33,170,0.09267903378671373
33,177,0.09267903378671373
34,10,0.10203895641960933
34,20,0.10203895641960933
34,30,0.10203895641960933
34,40,0.10203895641960933
34,50,0.10203895641960933
34,60,0.10203895641960933
34,70,0.10203895641960933
34,80,0.10203895641960933
34,90,0.10341124830914375
34,100,0.10341124830914375
34,110,0.10341124830914375
34,120,0.10341124830914375
34,130,0.10341124830914375
34,140,0.10341124830914375
34,150,0.10347191916376701
34,160,0.10347191916376701
34,170,0.1043386956719812
34,177,0.1043386956719812
35,10,0.01564341546095067
35,20,0.09552294058085992
35,30,0.10458388723369354
35,40,0.10458388723369354
35,50,0.10458388723369354
35,60,0.10458388723369354
35,70,0.10458388723369354
35,80,0.10458388723369354
35,90,0.10458388723369354
35,100,0.1045991855348218
35,110,0.1045991855348218
35,120,0.10547094363296909
35,130,0.10547094363296909
35,140,0.10547094363296909
35,150,0.11087875351558815
35,160,0.11087875351558815
35,170,0.11087875351558815
35,178,0.11087875351558815
36,10,0.08673242095754569
36,20,0.08673242095754569
36,30,0.09470111424340394
36,40,0.09470111424340394
36,50,0.11467518131513552
36,60,0.11467518131513552
36,70,0.11470932939995392
36,80,0.11470932939995392
36,90,0.11470932939995392
36,100,0.11470932939995392
36,110,0.11470932939995392
36,120,0.11470932939995392
36,130,0.11470932939995392
36,140,0.11470932939995392
36,150,0.11470932939995392
36,160,0.11470932939995392
36,170,0.11470932939995392
36,176,0.11474866157480422
37,10,0.0277616737637239
37,20,0.0866751395601342
37,30,0.09190118060758586
37,40,0.09190118060758586
37,50,0.09190118060758586
37,60,0.09190118060758586
37,70,0.09190118060758586
37,80,0.09190118060758586
37,90,0.09284035693229263
37,100,0.09284035693229263
37,110,0.09284035693229263
37,120,0.0983369753587093
37,130,0.0983369753587093
37,140,0.0983369753587093
37,150,0.0983369753587093
37,160,0.0983369753587093
37,170,0.10403887410777352
37,176,0.10403887410777352
38,10,0.045486113537351866
38,20,0.045486113537351866
38,30,0.0945177733734454
38,40,0.11607600585743696
38,50,0.11607600585743696
38,60,0.11607600585743696
38,70,0.11685476658161095
38,80,0.11685476658161095
38,90,0.11686606187599399
38,100,0.11686606187599399
38,110,0.11686606187599399
38,120,0.11686606187599399
38,130,0.11686606187599399
38,140,0.11686606187599399
38,150,0.12517513806461347
38,160,0.12517513806461347
38,170,0.12517513806461347
38,177,0.12517513806461347
39,10,0.05195609777244791
39,20,0.11243089050970179
39,30,0.11243089050970179
39,40,0.11243089050970179
39,50,0.11265400129810692
39,60,0.11265400129810692
39,70,0.11265400129810692
39,80,0.11265400129810692
39,90,0.11265400129810692
39,100,0.11265400129810692
39,110,0.11265400129810692
39,120,0.11265400129810692
39,130,0.12276232631639271
39,140,0.12276232631639271
39,150,0.12276232631639271
39,160,0.12276232631639271
39,170,0.12327212313097125
39,177,0.12327212313097125
40,10,0.10290000365365665
40,20,0.10290000365365665
40,30,0.10294792100872092
40,40,0.10294792100872092
40,50,0.10294792100872092
40,60,0.10294792100872092
40,70,0.10294792100872092
40,80,0.10294792100872092
40,90,0.10294792100872092
40,100,0.10294792100872092
40,110,0.11439081894387464
40,120,0.12284082219069534
40,130,0.12284082219069534
40,140,0.12284082219069534
40,150,0.12284082219069534
40,160,0.12284082219069534
40,170,0.12284082219069534
40,177,0.12284082219069534
41,10,0.10032081065539185
41,20,0.10032081065539185
41,30,0.10032081065539185
41,40,0.10032081065539185
41,50,0.1003970533217127
41,60,0.1003970533217127
41,70,0.10108412934145729
41,80,0.10108412934145729
41,90,0.10108412934145729
41,100,0.10121954103669753
41,110,0.10121954103669753
41,120,0.10121954103669753
41,130,0.10121954103669753
41,140,0.10121954103669753
41,150,0.10121954103669753
41,160,0.10121954103669753
41,170,0.10121954103669753
41,178,0.10121954103669753
42,10,0.05523458075456477
42,20,0.06460944557410007
42,30,0.06460944557410007
42,40,0.06460944557410007
42,50,0.06503235550755372
42,60,0.09690122808738125
42,70,0.09690122808738125
42,80,0.11795312162203835
42,90,0.11795312162203835
42,100,0.11795312162203835
42,110,0.11795312162203835
42,120,0.1180186057524241
42,130,0.1180186057524241
42,140,0.1180186057524241
42,150,0.1180186057524241
42,160,0.1180186057524241
42,170,0.1180186057524241
42,177,0.11805604387897496
43,10,0.06625281294054065
43,20,0.07980684782639656
43,30,0.08079643312657842
43,40,0.08079643312657842
43,50,0.08079643312657842
43,60,0.08727352988330829
43,70,0.09459495455126445
43,80,0.09459495455126445
43,90,0.09466869435162538
43,100,0.09466869435162538
43,110,0.09466869435162538
43,120,0.09466869435162538
43,130,0.09466869435162538
43,140,0.09466869435162538
43,150,0.09466869435162538
43,160,0.09466869435162538
43,170,0.09466869435162538
43,176,0.09466869435162538
44,10,0.09185360426398013
44,20,0.09185360426398013
44,30,0.09185360426398013
44,40,0.09185360426398013
44,50,0.09288658610671381
44,60,0.09767773951325684
44,70,0.09767773951325684
44,80,0.09767984930763333
44,90,0.09794700258961707
44,100,0.0979521995599242
44,110,0.12583779152177885
44,120,0.12583779152177885
44,130,0.12583779152177885
44,140,0.12583779152177885
44,150,0.12583779152177885
44,160,0.12583779152177885
44,170,0.12583779152177885
44,176,0.12583779152177885
45,10,0.08027375677071716
45,20,0.08924940640889638
45,30,0.08924940640889638
45,40,0.08962397833817934
45,50,0.08965668922392697
45,60,0.09191585213138304
45,70,0.09195075195241792
45,80,0.12496252390225758
45,90,0.12496252390225758
45,100,0.12496252390225758
45,110,0.12496252390225758
45,120,0.12575450221508966
45,130,0.12575450221508966
45,140,0.12575450221508966
45,150,0.12824236715356285
45,160,0.12824236715356285
45,170,0.12824236715356285
45,178,0.12824502709156418
46,10,0.10510453657518935
46,20,0.10510453657518935
46,30,0.11171122667085018
46,40,0.11412215051890612
46,50,0.11436696857771801
46,60,0.11436696857771801
46,70,0.11517840798387718
46,80,0.11517840798387718
46,90,0.11517840798387718
46,100,0.11517840798387718
46,110,0.11517840798387718
46,120,0.11517840798387718
46,130,0.11524944033104614
46,140,0.11524944033104614
46,150,0.1262774969237878
46,160,0.1262774969237878
46,170,0.1262774969237878
46,174,0.1262774969237878
47,10,0.0930725356851214
47,20,0.10208089620904826
47,30,0.10290703266572145
47,40,0.10290703266572145
47,50,0.10290703266572145
47,60,0.10290703266572145
47,70,0.10290703266572145
47,80,0.10290703266572145
47,90,0.10290703266572145
47,100,0.10290703266572145
47,110,0.10290703266572145
47,120,0.10290703266572145
47,130,0.10290703266572145
47,140,0.10531559793612669
47,150,0.10531559793612669
47,160,0.10531559793612669
47,170,0.10531559793612669
47,176,0.10531559793612669
48,10,0.09074898756266853
48,20,0.09196435271829345
48,30,0.09196435271829345
48,40,0.09196435271829345
48,50,0.09196435271829345
48,60,0.09891850266256082
48,70,0.11086857852763464
48,80,0.11086857852763464
48,90,0.11350719729530741
48,100,0.11350719729530741
48,110,0.11350719729530741
48,120,0.11350719729530741
48,130,0.11350719729530741
48,140,0.11521672644024257
48,150,0.11560302069876943
48,160,0.11603511358282086
48,170,0.11603511358282086
48,177,0.11603511358282086
49,10,0.021953025194167076
49,20,0.08069557159782102
49,30,0.08069557159782102
49,40,0.08069557159782102
49,50,0.08141674250927736
49,60,0.08150199500640752
49,70,0.08364220694064603
49,80,0.08625816050150956
49,90,0.09301145156697548
49,100,0.09301145156697548
49,110,0.09695434777339561
49,120,0.09695434777339561
49,130,0.09754417278071009
49,140,0.09754417278071009
49,150,0.12515002212592174
49,160,0.12515002212592174
49,170,0.1253212714864
49,178,0.1253212714864
50,10,0.0414807755087804
50,20,0.049127116460796934
50,30,0.09014500563464921
50,40,0.09014500563464921
50,50,0.1102964095362848
50,60,0.11072469785742138
50,70,0.11072469785742138
50,80,0.11072469785742138
50,90,0.11072469785742138
50,100,0.11172588175248219
50,110,0.11172588175248219
50,120,0.11172588175248219
50,130,0.11172588175248219
50,140,0.11172588175248219
50,150,0.11172588175248219
50,160,0.11172588175248219
50,170,0.11479416446151118
50,178,0.11479416446151118
51,10,0.06892752986668775
51,20,0.07823583540458487
51,30,0.07823583540458487
51,40,0.1118710791725398
51,50,0.11278567293695195
51,60,0.11278567293695195
51,70,0.11278567293695195
51,80,0.11278567293695195
51,90,0.11278567293695195
51,100,0.11278567293695195
51,110,0.11278567293695195
51,120,0.11278567293695195
51,130,0.11278567293695195
51,140,0.11278567293695195
51,150,0.11278567293695195
51,160,0.11278567293695195
51,170,0.11278567293695195
51,176,0.11278567293695195
52,10,0.08153272178537647
52,20,0.08327722591620462
52,30,0.08327722591620462
52,40,0.09412384922021155
52,50,0.09616439998722592
52,60,0.09647831815392761
52,70,0.09647831815392761
52,80,0.09691041103797904
52,90,0.09691041103797904
52,100,0.09691041103797904
52,110,0.09691041103797904
52,120,0.09691041103797904
52,130,0.09691041103797904
52,140,0.09784684338663524
52,150,0.09784684338663524
52,160,0.09793369548002573
52,170,0.09793369548002573
52,178,0.09793369548002573
53,10,0.08707099595192594
53,20,0.09163749352981675
53,30,0.09163749352981675
53,40,0.11804915666602663
53,50,0.11804915666602663
53,60,0.11804915666602663
53,70,0.11804915666602663
53,80,0.11804915666602663
53,90,0.11804915666602663
53,100,0.11804915666602663
53,110,0.11804915666602663
53,120,0.11804915666602663
53,130,0.11804915666602663
53,140,0.11804915666602663
53,150,0.11804915666602663
53,160,0.11804915666602663
53,170,0.11804915666602663
53,177,0.11804915666602663
54,10,0.010845792274983085
54,20,0.10291832796010449
54,30,0.10291832796010449
54,40,0.12395087110283677
54,50,0.12400577583777925
54,60,0.12400577583777925
54,70,0.12400577583777925
54,80,0.12400577583777925
54,90,0.12400577583777925
54,100,0.12400577583777925
54,110,0.12400577583777925
54,120,0.12688485795377577
54,130,0.12688485795377577
54,140,0.12688485795377577
54,150,0.12688485795377577
54,160,0.12688485795377577
54,170,0.12690995039382974
54,177,0.12690995039382974
55,10,0.08842826136434295
55,20,0.08842826136434295
55,30,0.09722047229259612
55,40,0.09722047229259612
55,50,0.11037957977770094
55,60,0.11037957977770094
55,70,0.11037957977770094
55,80,0.11037957977770094
55,90,0.11037957977770094
55,100,0.11060527868533858
55,110,0.11060527868533858
55,120,0.11060527868533858
55,130,0.11060527868533858
55,140,0.12614138921568946
55,150,0.12614138921568946
55,160,0.12614138921568946
55,170,0.12614138921568946
55,177,0.12614138921568946
56,10,0.09014302096152374
56,20,0.09014302096152374
56,30,0.09014302096152374
56,40,0.09014302096152374
56,50,0.09014302096152374
56,60,0.09379497761028845
56,70,0.0945638404703868
56,80,0.0945638404703868
56,90,0.09571788234117741
56,100,0.09571788234117741
56,110,0.09571788234117741
56,120,0.09571788234117741
56,130,0.09571788234117741
56,140,0.09571788234117741
56,150,0.09590674929696356
56,160,0.09590674929696356
56,170,0.09590674929696356
56,176,0.09590674929696356
57,10,0.09975191769973661
57,20,0.10264942835689528
57,30,0.12050526991993135
57,40,0.12050526991993135
57,50,0.12050526991993135
57,60,0.12050526991993135
57,70,0.12051630153960201
57,80,0.12051630153960201
57,90,0.12051630153960201
57,100,0.12051630153960201
57,110,0.12070459253554154
57,120,0.12070459253554154
57,130,0.12070459253554154
57,140,0.12070459253554154
57,150,0.12287830415420008
57,160,0.12300755926586261
57,170,0.12300755926586261
57,178,0.12300755926586261
58,10,0.08791565042582598
58,20,0.0898188725914909
58,30,0.0988678417783668
58,40,0.0988678417783668
58,50,0.0988678417783668
58,60,0.0988678417783668
58,70,0.0988678417783668
58,80,0.0988678417783668
58,90,0.0988678417783668
58,100,0.0988678417783668
58,110,0.09962449129891252
58,120,0.09962449129891252
58,130,0.09966466486647399
58,140,0.09966466486647399
58,150,0.09966466486647399
58,160,0.09966466486647399
58,170,0.09966466486647399
58,175,0.12067964360479487
59,10,0.09482723324582311
59,20,0.0979150408214321
59,30,0.0979150408214321
59,40,0.0979150408214321
59,50,0.0980697810515246
59,60,0.11119766060259755
59,70,0.11119766060259755
59,80,0.11620614828134179
59,90,0.11620614828134179
59,100,0.11620614828134179
59,110,0.11620614828134179
59,120,0.11620614828134179
59,130,0.11809234555278503
59,140,0.11809234555278503
59,150,0.11809234555278503
59,160,0.11809234555278503
59,170,0.11809234555278503
59,178,0.11809234555278503
60,10,0.07308883233124634
60,20,0.08303683538335552
60,30,0.08303683538335552
60,40,0.09786365347793516
60,50,0.09786365347793516
60,60,0.09786365347793516
60,70,0.09786365347793516
60,80,0.09786365347793516
60,90,0.09786365347793516
60,100,0.09786365347793516
60,110,0.09786365347793516
60,120,0.09786365347793516
60,130,0.09786365347793516
60,140,0.09786365347793516
60,150,0.09786365347793516
60,160,0.09786365347793516
60,170,0.09786365347793516
60,178,0.09786365347793516
61,10,0.07564406374996284
61,20,0.07564406374996284
61,30,0.09597708969802866
61,40,0.09611620427720127
61,50,0.09611620427720127
61,60,0.09631774924296785
61,70,0.09720508399720376
61,80,0.09720508399720376
61,90,0.10033653680151296
61,100,0.10037654943959647
61,110,0.10037654943959647
61,120,0.10037654943959647
61,130,0.10037654943959647
61,140,0.10037654943959647
61,150,0.10037654943959647
61,160,0.10037654943959647
61,170,0.11573781495291402
61,177,0.11573781495291402
62,10,0.07182524540377545
62,20,0.1029149317312222
62,30,0.1029149317312222
62,40,0.11281501742826709
62,50,0.11281501742826709
62,60,0.11281501742826709
62,70,0.11281501742826709
62,80,0.11281501742826709
62,90,0.11281501742826709
62,100,0.11281501742826709
62,110,0.11281501742826709
62,120,0.11281501742826709
62,130,0.11281501742826709
62,140,0.11281501742826709
62,150,0.11281501742826709
62,160,0.11281501742826709
62,170,0.11281501742826709
62,178,0.11281501742826709
63,10,0.08062327725156657
63,20,0.10206456132297424
63,30,0.10206456132297424
63,40,0.10206456132297424
63,50,0.10216028349638817
63,60,0.10216028349638817
63,70,0.10216028349638817
63,80,0.10216028349638817
63,90,0.10216028349638817
63,100,0.10216028349638817
63,110,0.10436271875330401
63,120,0.10436271875330401
63,130,0.10442109214825902
63,140,0.10442782016797113
63,150,0.10448928667037029
63,160,0.10448928667037029
63,170,0.10448928667037029
63,176,0.10448928667037029
64,10,0.12097853886129692
64,20,0.12097853886129692
64,30,0.12097853886129692
64,40,0.12097853886129692
64,50,0.12097853886129692
64,60,0.12097853886129692
64,70,0.12097853886129692
64,80,0.12097853886129692
64,90,0.12097853886129692
64,100,0.12169332897990386
64,110,0.12169332897990386
64,120,0.12169332897990386
64,130,0.12169332897990387
64,140,0.12169332897990387
64,150,0.12169332897990387
64,160,0.12210536093695187
64,170,0.12210536093695187
64,176,0.12347365332247995
65,10,0.09241430160809697
65,20,0.09473660132438746
65,30,0.09473660132438746
65,40,0.09473660132438746
65,50,0.09473660132438746
65,60,0.10685505309941694
65,70,0.10685505309941694
65,80,0.10685505309941694
65,90,0.10685505309941694
65,100,0.10685505309941694
65,110,0.10685505309941694
65,120,0.10685505309941694
65,130,0.10685505309941694
65,140,0.10685505309941694
65,150,0.10685505309941694
65,160,0.10694879240575576
65,170,0.10694879240575576
65,178,0.10694879240575576
66,10,0.08847245143444929
66,20,0.08847245143444929
66,30,0.08847245143444929
66,40,0.09849146951467853
66,50,0.09849146951467853
66,60,0.09849146951467853
66,70,0.09849146951467853
66,80,0.09849146951467853
66,90,0.09849146951467853
66,100,0.09849146951467853
66,110,0.09849146951467853
66,120,0.11773886087649357
66,130,0.11773886087649357
66,140,0.11773886087649357
66,150,0.11773886087649357
66,160,0.11773886087649357
66,170,0.11773886087649357
66,177,0.11773886087649357
67,10,0.10274198775572226
67,20,0.10291087509161218
67,30,0.10291087509161218
67,40,0.10291087509161218
67,50,0.10291087509161218
67,60,0.10291087509161218
67,70,0.10291087509161218
67,80,0.10291087509161218
67,90,0.10291087509161218
67,100,0.10291087509161218
67,110,0.10291087509161218
67,120,0.10291087509161218
67,130,0.10291087509161218
67,140,0.10291087509161218
67,150,0.10291087509161218
67,160,0.10291087509161218
67,170,0.11284779705605866
67,179,0.11284779705605866
68,10,0.07425483164293414
68,20,0.07717383889345432
68,30,0.07797456559377094
68,40,0.07797456559377094
68,50,0.07797456559377094
68,60,0.11116793102326983
68,70,0.11116793102326983
68,80,0.11116793102326983
68,90,0.11116793102326983
68,100,0.11116793102326983
68,110,0.11116793102326983
68,120,0.12843339247621793
68,130,0.12843339247621793
68,140,0.12843339247621793
68,150,0.12843339247621793
68,160,0.12843339247621793
68,170,0.12844719783601943
68,174,0.12844719783601943
69,10,0.09127428461557188
69,20,0.09127428461557188
69,30,0.09127428461557188
69,40,0.09496688814699926
69,50,0.09566991948311218
69,60,0.09568969248085052
69,70,0.09568969248085052
69,80,0.09568969248085052
69,90,0.09568969248085052
69,100,0.09568969248085052
69,110,0.09568969248085052
69,120,0.09568969248085052
69,130,0.09644326751740358
69,140,0.09644326751740358
69,150,0.09644326751740358
69,160,0.09651452818625085
69,170,0.09651452818625085
69,178,0.09651452818625085
70,10,0.07823902143589594
70,20,0.07830663214267847
70,30,0.08552049291423326
70,40,0.08552049291423326
70,50,0.08552049291423326
70,60,0.09572254987341879
70,70,0.09572254987341879
70,80,0.09572254987341879
70,90,0.11219095326979175
70,100,0.11219095326979175
70,110,0.11219095326979175
70,120,0.11219095326979175
70,130,0.11220242093416731
70,140,0.11220242093416731
70,150,0.11308469160856563
70,160,0.11308469160856563
70,170,0.11308469160856563
70,176,0.11308469160856563
71,10,0.08997358373327073
71,20,0.08997358373327073
71,30,0.08998182246325044
71,40,0.09220036640281354
71,50,0.09220036640281354
71,60,0.09220036640281354
71,70,0.09220036640281354
71,80,0.09220036640281354
71,90,0.09477173929415963
71,100,0.09477173929415963
71,110,0.09801806692790627
71,120,0.09801806692790627
71,130,0.09804825547290966
71,140,0.09804825547290966
71,150,0.09804825547290966
71,160,0.09804825547290966
71,170,0.0980808134077168
71,177,0.0980808134077168
72,10,0.11072498623045395
72,20,0.11072498623045395
72,30,0.11072498623045395
72,40,0.11072498623045395
72,50,0.11072498623045395
72,60,0.11072498623045395
72,70,0.11072498623045395
72,80,0.11072498623045395
72,90,0.11072498623045395
72,100,0.11072498623045395
72,110,0.11072498623045395
72,120,0.11072498623045395
72,130,0.11072498623045395
72,140,0.11074641237866058
72,150,0.11074641237866058
72,160,0.11074641237866058
72,170,0.11074641237866058
72,178,0.11074641237866058
73,10,0.08068969639379642
73,20,0.08182222141703695
73,30,0.08182296309423072
73,40,0.08182296309423072
73,50,0.09230616984971704
73,60,0.09230616984971704
73,70,0.09230616984971704
73,80,0.09230616984971704
73,90,0.09230616984971704
73,100,0.09230616984971704
73,110,0.09230616984971704
73,120,0.09230616984971704
73,130,0.09230616984971704
73,140,0.09230616984971704
73,150,0.09230616984971704
73,160,0.09230616984971704
73,170,0.09230616984971704
73,177,0.09543762265402624
74,10,0.08252175495549052
74,20,0.08252175495549052
74,30,0.09151141562544166
74,40,0.09232771803250861
74,50,0.09232771803250861
74,60,0.09232771803250861
74,70,0.09232771803250861
74,80,0.12066290467968771
74,90,0.12066290467968771
74,100,0.12066290467968771
74,110,0.12066290467968771
74,120,0.12066290467968771
74,130,0.1206690899876056
74,140,0.1206690899876056
74,150,0.1206690899876056
74,160,0.12070459253554154
74,170,0.12070459253554154
74,177,0.12070459253554154
75,10,0.028478173796374046
75,20,0.029361256862582837
75,30,0.0888810753642452
75,40,0.1258199605672214
75,50,0.1258199605672214
75,60,0.1258199605672214
75,70,0.1295611028463581
75,80,0.1295611028463581
75,90,0.1295611028463581
75,100,0.1295611028463581
75,110,0.1295611028463581
75,120,0.1295611028463581
75,130,0.1295611028463581
75,140,0.1295611028463581
75,150,0.1295611028463581
75,160,0.1295611028463581
75,170,0.1295611028463581
75,177,0.1295611028463581
76,10,0.07877057318842974
76,20,0.07877057318842974
76,30,0.08053927867035006
76,40,0.0938530012246396
76,50,0.0938530012246396
76,60,0.0938530012246396
76,70,0.0938530012246396
76,80,0.0938530012246396
76,90,0.0938530012246396
76,100,0.0938530012246396
76,110,0.0938530012246396
76,120,0.09386355484182887
76,130,0.09386355484182887
76,140,0.097806451048249
76,150,0.097806451048249
76,160,0.097806451048249
76,170,0.097806451048249
76,175,0.11621459120480074
77,10,0.08492964362080073
77,20,0.09020553537579183
77,30,0.09140448699676579
77,40,0.09246636091101783
77,50,0.09290669145207545
77,60,0.10317050877603975
77,70,0.10317050877603975
77,80,0.10702510366626886
77,90,0.10929416096653741
77,100,0.11019501050807727
77,110,0.11019501050807727
77,120,0.11019501050807727
77,130,0.11019501050807727
77,140,0.11019501050807727
77,150,0.11019501050807727
77,160,0.11019501050807727
77,170,0.11019501050807727
77,176,0.11342321334561935
78,10,0.07161289832776295
78,20,0.08190502762929168
78,30,0.08190502762929168
78,40,0.08262029877809364
78,50,0.08262029877809364
78,60,0.08316122358137888
78,70,0.08316122358137888
78,80,0.08316122358137888
78,90,0.08316122358137888
78,100,0.08316122358137888
78,110,0.1091627383207147
78,120,0.1119345085429124
78,130,0.1119345085429124
78,140,0.1119345085429124
78,150,0.1119345085429124
78,160,0.11226072893728778
78,170,0.11226072893728778
78,177,0.11226072893728778
79,10,0.025207116535915883
79,20,0.057667894402260514
79,30,0.057667894402260514
79,40,0.10590343503148937
79,50,0.10590343503148937
79,60,0.10590343503148937
79,70,0.10590343503148937
79,80,0.10590343503148937
79,90,0.10590343503148937
79,100,0.10590343503148937
79,110,0.10590343503148937
79,120,0.10590343503148937
79,130,0.10590343503148937
79,140,0.10590343503148937
79,150,0.10590343503148937
79,160,0.10590343503148937
79,170,0.10590343503148937
79,177,0.10590343503148937
80,10,0.09386306782777631
80,20,0.12275608626664057
80,30,0.12358233026230817
80,40,0.12358233026230817
80,50,0.12620138654461266
80,60,0.12620138654461266
80,70,0.12620138654461266
80,80,0.1264486553820319
80,90,0.1264486553820319
80,100,0.1264486553820319
80,110,0.12657959751476996
80,120,0.12657959751476996
80,130,0.12657959751476996
80,140,0.12657959751476996
80,150,0.12657959751476996
80,160,0.12663453023753107
80,170,0.12663453023753107
80,177,0.12663453023753107
81,10,0.014716853488474936
81,20,0.01792704336588413
81,30,0.03693001555355319
81,40,0.03693001555355319
81,50,0.07946578635593439
81,60,0.07946578635593439
81,70,0.08129074204102602
81,80,0.09046262932511503
81,90,0.09046262932511503
81,100,0.09046262932511503
81,110,0.0920217931465374
81,120,0.11207621643483287
81,130,0.11207621643483287
81,140,0.11207621643483287
81,150,0.11207621643483287
81,160,0.11211729398817365
81,170,0.11225149410547569
81,178,0.11225149410547569
82,10,0.09546407129505013
82,20,0.09546407129505013
82,30,0.09546407129505013
82,40,0.09546407129505013
82,50,0.09546407129505013
82,60,0.09546407129505013
82,70,0.09546407129505013
82,80,0.10941767746404985
82,90,0.10941767746404985
82,100,0.10941767746404985
82,110,0.10941767746404985
82,120,0.10941767746404985
82,130,0.10941767746404985
82,140,0.10941767746404985
82,150,0.10941767746404985
82,160,0.10941767746404985
82,170,0.10945936531990368
82,175,0.10945936531990368
83,10,0.09377502209570523
83,20,0.09377502209570523
83,30,0.11210290753772068
83,40,0.1121355818368447
83,50,0.1121355818368447
83,60,0.1121355818368447
83,70,0.1121355818368447
83,80,0.1121355818368447
83,90,0.1121355818368447
83,100,0.1121355818368447
83,110,0.1129045899895755
83,120,0.1129045899895755
83,130,0.1156634609078447
83,140,0.1156634609078447
83,150,0.11583993515214878
83,160,0.11583993515214878
83,170,0.11583993515214878
83,176,0.11583993515214878
84,10,0.09866271887515676
84,20,0.11484818312273148
84,30,0.11484818312273148
84,40,0.11484818312273148
84,50,0.11487204017243878
84,60,0.12360332884849404
84,70,0.12360332884849404
84,80,0.12360332884849404
84,90,0.1253888794893657
84,100,0.1253888794893657
84,110,0.1253888794893657
84,120,0.1253888794893657
84,130,0.1253888794893657
84,140,0.1253888794893657
84,150,0.1253888794893657
84,160,0.1253888794893657
84,170,0.1253888794893657
84,177,0.1253888794893657
85,10,0.11494665750690057
85,20,0.12389607692850607
85,30,0.12389607692850607
85,40,0.12602825130409745
85,50,0.12681790144937666
85,60,0.12690788523236787
85,70,0.12690788523236787
85,80,0.12690788523236787
85,90,0.12690788523236787
85,100,0.12690788523236787
85,110,0.12690788523236787
85,120,0.12690788523236787
85,130,0.12690788523236787
85,140,0.12690788523236787
85,150,0.12690788523236787
85,160,0.12697891757953683
85,170,0.12697891757953683
85,174,0.12697891757953683
86,10,0.027594498445220085
86,20,0.028354998548665487
86,30,0.028354998548665487
86,40,0.046728850897564025
86,50,0.046728850897564025
86,60,0.046728850897564025
86,70,0.05945093272895009
86,80,0.09027816847697473
86,90,0.09159758946864474
86,100,0.09163314273440486
86,110,0.09163992609781564
86,120,0.10599603735844507
86,130,0.10599603735844507
86,140,0.10599603735844507
86,150,0.10599603735844507
86,160,0.10599603735844507
86,170,0.10599603735844507
86,177,0.10599603735844507
87,10,0.08784990625584234
87,20,0.09150747542743094
87,30,0.09348339960671014
87,40,0.09348339960671014
87,50,0.09348339960671014
87,60,0.09348339960671014
87,70,0.09348339960671014
87,80,0.09348339960671014
87,90,0.09348339960671014
87,100,0.09348339960671014
87,110,0.09348339960671014
87,120,0.09349011571616417
87,130,0.09425381307478915
87,140,0.09425381307478915
87,150,0.09425381307478915
87,160,0.09913599167366893
87,170,0.09913599167366893
87,176,0.09913599167366893
88,10,0.0786996049875737
88,20,0.0786996049875737
88,30,0.09150702520655953
88,40,0.09150702520655953
88,50,0.09150702520655953
88,60,0.09150702520655953
88,70,0.09150702520655953
88,80,0.09221040738163729
88,90,0.09221040738163729
88,100,0.1254174030739442
88,110,0.12780667572978052
88,120,0.12780667572978052
88,130,0.12780667572978052
88,140,0.12780667572978052
88,150,0.12780667572978052
88,160,0.12780667572978052
88,170,0.12780667572978052
88,177,0.12926196322840844
89,10,0.08868777277101594
89,20,0.08878902312405001
89,30,0.08878902312405001
89,40,0.0917027568918797
89,50,0.0917027568918797
89,60,0.0917027568918797
89,70,0.12073393702685668
89,80,0.12073393702685668
89,90,0.12073393702685668
89,100,0.12073393702685668
89,110,0.12073393702685668
89,120,0.12073393702685668
89,130,0.12073393702685668
89,140,0.12073393702685668
89,150,0.12073393702685668
89,160,0.12073393702685668
89,170,0.12073393702685668
89,178,0.12073393702685668
90,10,0.0924661484348311
90,20,0.094498790885702
90,30,0.094498790885702
90,40,0.094498790885702
90,50,0.094498790885702
90,60,0.094498790885702
90,70,0.09462813364342815
90,80,0.09466190315617345
90,90,0.10109526266131957
90,100,0.11799744254240829
90,110,0.11799744254240829
90,120,0.11799744254240829
90,130,0.11799744254240829
90,140,0.11799744254240829
90,150,0.11799744254240829
90,160,0.11799744254240829
90,170,0.11799744254240829
90,176,0.11799744254240829
91,10,0.08688981742819207
91,20,0.08688981742819207
91,30,0.08688981742819207
91,40,0.08688981742819207
91,50,0.08976147480969396
91,60,0.0906850205319727
91,70,0.0906850205319727
91,80,0.0906850205319727
91,90,0.09369949752929511
91,100,0.09369949752929511
91,110,0.09369949752929511
91,120,0.09369949752929511
91,130,0.09369949752929511
91,140,0.09369949752929511
91,150,0.09369949752929511
91,160,0.09369949752929511
91,170,0.09369949752929511
91,176,0.09369949752929511
92,10,0.09735602059238069
92,20,0.09735602059238069
92,30,0.09735602059238069
92,40,0.09735602059238069
92,50,0.11479718856794148
92,60,0.11479718856794148
92,70,0.11479718856794148
92,80,0.11479718856794148
92,90,0.11479718856794148
92,100,0.11479718856794148
92,110,0.11479718856794148
92,120,0.11487092836830241
92,130,0.11487092836830241
92,140,0.11487092836830241
92,150,0.11487092836830241
92,160,0.11487092836830241
92,170,0.11487092836830241
92,177,0.11487092836830241
93,10,0.0545553878581429
93,20,0.0545553878581429
93,30,0.0545553878581429
93,40,0.0545553878581429
93,50,0.05835010742109732
93,60,0.12270738991102388
93,70,0.12321718672560242
93,80,0.12321718672560242
93,90,0.12321718672560242
93,100,0.12334641311292477
93,110,0.12334641311292477
93,120,0.12334641311292477
93,130,0.12334641311292477
93,140,0.12334641311292477
93,150,0.12334641311292477
93,160,0.12334641311292477
93,170,0.12339689486063421
93,176,0.12339689486063421
94,10,0.09389550958565364
94,20,0.09584508566386495
94,30,0.09584508566386495
94,40,0.09584508566386495
94,50,0.09584508566386495
94,60,0.09584508566386495
94,70,0.09584508566386495
94,80,0.09584508566386495
94,90,0.09584508566386495
94,100,0.09584508566386495
94,110,0.09584508566386495
94,120,0.09607822198351304
94,130,0.09607822198351304
94,140,0.10662425056802666
94,150,0.10662425056802666
94,160,0.10662425056802666
94,170,0.10662425056802666
94,177,0.10662425056802666
95,10,0.08027375677071716
95,20,0.08027375677071716
95,30,0.08027375677071716
95,40,0.08704198133947817
95,50,0.08704198133947817
95,60,0.08704198133947817
95,70,0.08928106004655686
95,80,0.08928106004655686
95,90,0.08928106004655686
95,100,0.12538471450258262
95,110,0.12538471450258262
95,120,0.12538471450258262
95,130,0.12542456473731223
95,140,0.12542456473731223
95,150,0.12617030799755274
95,160,0.12617030799755274
95,170,0.12617030799755274
95,176,0.12617030799755274
96,10,0.061714910226644396
96,20,0.09341789718825853
96,30,0.09341789718825853
96,40,0.09341789718825853
96,50,0.09343689191084215
96,60,0.09505702615440934
96,70,0.09505702615440934
96,80,0.09505702615440934
96,90,0.09628139035528097
96,100,0.09628139035528097
96,110,0.09628139035528097
96,120,0.0970364666618925
96,130,0.09801983141917586
96,140,0.09801983141917586
96,150,0.09801983141917586
96,160,0.09801983141917586
96,170,0.09801983141917586
96,176,0.09801983141917586
97,10,0.07838680626072385
97,20,0.07838680626072385
97,30,0.07888935682474008
97,40,0.09618441400421149
97,50,0.0966746381538194
97,60,0.0990771630597297
97,70,0.09949526297012373
97,80,0.09949526297012373
97,90,0.09949526297012373
97,100,0.09949526297012373
97,110,0.09949526297012373
97,120,0.09949526297012373
97,130,0.10410235040158529
97,140,0.10410235040158529
97,150,0.10423902891387946
97,160,0.10432406400862342
97,170,0.10432406400862342
97,175,0.10432406400862342
98,10,0.08962785038129134
98,20,0.08962785038129134
98,30,0.08962785038129134
98,40,0.11300824255324492
98,50,0.11305872430095434
98,60,0.11305872430095434
98,70,0.11305872430095434
98,80,0.11305872430095434
98,90,0.11314662888362974
98,100,0.1131576605033004
98,110,0.1131576605033004
98,120,0.1131576605033004
98,130,0.1131576605033004
98,140,0.11330426364338611
98,150,0.11330426364338611
98,160,0.11330426364338611
98,170,0.11330426364338611
98,179,0.11330426364338611
99,10,0.02428678846828536
99,20,0.02428678846828536
99,30,0.024286788468285362
99,40,0.024286788468285362
99,50,0.09303439412695472
99,60,0.09303439412695472
99,70,0.12539404278685184
99,80,0.12539404278685184
99,90,0.12539404278685184
99,100,0.12542456473731223
99,110,0.12542456473731223
99,120,0.12542456473731223
99,130,0.12542456473731223
99,140,0.12610603028945438
99,150,0.1262774969237878
99,160,0.1262774969237878
99,170,0.1262774969237878
99,179,0.1262774969237878
100,10,0.06593299256797736
100,20,0.06593299256797736
100,30,0.06593299256797736
100,40,0.06593299256797736
100,50,0.06593299256797736
100,60,0.08141647283395329
100,70,0.08141647283395329
100,80,0.08141647283395329
100,90,0.08141647283395329
100,100,0.10523586432344904
100,110,0.11097443156841227
100,120,0.11097443156841227
100,130,0.11097443156841227
100,140,0.11097443156841227
100,150,0.11097443156841227
100,160,0.11097443156841227
100,170,0.11097443156841227
100,175,0.11097443156841227
