mean:0.207800,,,,,,,,,,,,,,,,,,,,
mean:0.207800,,,,,,,,,,,,,,,,,,,,
0.2078, [[0.0, 0.9781513809024166], [1.0, 0.0], [0.0, 0.8188142386673642], [0.9961911125405893, 0.0], [0.9957299572771334, 0.0], [0.995675978734775, 0.0], [0.9749051843950097, 0.0], [0.9747091402795544, 0.0], [0.9736519896537195, 0.0], [0.9734532891139354, 0.0]]
