HV,front_sat,front_raw,front_variables
mean:1.1346901080263934,,,
1.1013699463131226,"[[0.952772539176508, 0.9424907566104143], [0.9545002671238985, 0.6337945633469372], [0.9694310347980288, 0.05076154413096246], [0.9634830619248191, 0.08922645974430496], [0.924430152948991, 0.9117778267304396], [0.9238826335290433, 0.9259632785849656], [0.9334720450841281, 0.9101516298168035], [0.9440104903004554, 0.04470401542863366], [0.9418673428566601, 0.8989438694505199], [0.9658417408228159, 0.04177671616384772]]","[[336319.0, 48.297863], [336517.8, 43.604007], [338235.8, 37.788209], [337551.4, 38.794896], [333057.8, 47.956851], [332994.8, 48.114355], [334098.2, 47.938795], [335310.8, 37.629674], [335064.2, 47.808382], [337822.8, 37.553062]]","[[1.0, 0.0, 1.0, 0.0, 1.0, 1.0, 1.0, 0.0, 1.0, 1.0, 1.0, 1.0, 0.0, 0.0, 1.0, 1.024], [1.0, 0.0, 1.0, 0.0, 1.0, 1.0, 1.0, 0.0, 1.0, 1.0, 0.0, 0.0, 0.0, 0.0, 10.0, 2.048], [1.0, 0.0, 1.0, 0.0, 1.0, 1.0, 0.0, 0.0, 0.0, 1.0, 1.0, 1.0, 0.0, 0.0, 500.0, 2.048], [1.0, 0.0, 1.0, 0.0, 1.0, 1.0, 1.0, 0.0, 1.0, 1.0, 1.0, 1.0, 0.0, 0.0, 50.0, 4.096], [1.0, 0.0, 1.0, 0.0, 1.0, 1.0, 0.0, 0.0, 0.0, 0.0, 1.0, 0.0, 1.0, 0.0, 1.0, 2.048], [1.0, 0.0, 1.0, 1.0, 0.0, 1.0, 1.0, 1.0, 0.0, 0.0, 1.0, 0.0, 1.0, 1.0, 1.0, 0.512], [1.0, 0.0, 1.0, 1.0, 0.0, 1.0, 1.0, 0.0, 1.0, 1.0, 1.0, 0.0, 1.0, 1.0, 1.0, 4.096], [1.0, 0.0, 1.0, 1.0, 0.0, 1.0, 1.0, 1.0, 0.0, 1.0, 1.0, 0.0, 1.0, 0.0, 100.0, 1.024], [1.0, 0.0, 1.0, 0.0, 1.0, 1.0, 1.0, 1.0, 0.0, 1.0, 0.0, 0.0, 0.0, 0.0, 1.0, 0.512], [1.0, 0.0, 1.0, 0.0, 1.0, 1.0, 0.0, 0.0, 0.0, 0.0, 1.0, 1.0, 0.0, 1.0, 100.0, 4.096]]"
1.1566206180806367,"[[0.9504051694940671, 0.9778610798664382], [0.9737016862736214, 0.9486446546340584], [0.9430440750703253, 0.903056922479921], [0.9537511215048587, 0.47765257426556723], [0.9271555829505089, 0.9249433930150711], [0.9708007024263429, 0.09060486418456415], [0.9488269230391068, 0.48292641987890317], [0.9669107073093806, 0.0719321551193367], [0.9536694281310891, 0.09684583626091058], [0.9425000319641552, 0.5173969685545566]]","[[336046.6, 48.690587], [338727.2, 48.366191], [335199.6, 47.860021], [336431.6, 42.808501], [333371.4, 48.103031], [338393.4, 38.830971], [335865.0, 42.859343], [337945.8, 38.342277], [336422.2, 38.994307], [335137.0, 43.191653]]","[[1.0, 0.0, 1.0, 0.0, 1.0, 1.0, 0.0, 0.0, 0.0, 1.0, 1.0, 0.0, 1.0, 0.0, 1.0, 1.024], [1.0, 0.0, 1.0, 0.0, 1.0, 1.0, 1.0, 1.0, 0.0, 1.0, 1.0, 1.0, 0.0, 1.0, 1.0, 4.096], [1.0, 0.0, 1.0, 1.0, 0.0, 1.0, 1.0, 1.0, 0.0, 1.0, 0.0, 0.0, 0.0, 1.0, 1.0, 0.512], [1.0, 0.0, 1.0, 0.0, 1.0, 1.0, 1.0, 1.0, 0.0, 0.0, 1.0, 0.0, 1.0, 1.0, 10.0, 2.048], [1.0, 0.0, 1.0, 0.0, 1.0, 1.0, 0.0, 0.0, 0.0, 0.0, 1.0, 1.0, 0.0, 0.0, 1.0, 0.512], [1.0, 0.0, 1.0, 1.0, 0.0, 1.0, 0.0, 0.0, 0.0, 1.0, 1.0, 1.0, 0.0, 0.0, 50.0, 4.096], [1.0, 0.0, 1.0, 1.0, 0.0, 1.0, 1.0, 0.0, 1.0, 1.0, 0.0, 0.0, 0.0, 0.0, 10.0, 2.048], [1.0, 0.0, 1.0, 0.0, 1.0, 1.0, 0.0, 0.0, 0.0, 1.0, 1.0, 1.0, 0.0, 1.0, 50.0, 0.512], [1.0, 0.0, 1.0, 0.0, 1.0, 1.0, 0.0, 0.0, 0.0, 1.0, 1.0, 1.0, 0.0, 0.0, 50.0, 4.096], [1.0, 0.0, 1.0, 1.0, 0.0, 1.0, 1.0, 0.0, 1.0, 1.0, 1.0, 0.0, 1.0, 1.0, 10.0, 4.096]]"
1.1427727912975394,"[[0.9703609487334957, 0.6295858512096681], [0.9777863549621204, 0.04066894896961372], [0.9307865926910511, 0.972937817345005], [0.952772539176508, 0.9424907566104143], [0.9547470854020973, 0.632598975288043], [0.9126367584590056, 0.9305196200703911], [0.9364495078345104, 0.9293625669163436], [0.9383858146085476, 0.9270679144481548], [0.9622402797493822, 0.6228227504904061], [0.9634569895714883, 0.5055889566441583]]","[[338342.8, 43.537271], [339197.2, 37.52407], [333789.2, 48.635923], [336319.0, 48.297863], [336546.2, 43.585049], [331700.8, 48.164945], [334440.8, 48.152098], [334663.6, 48.12662], [337408.4, 43.430031], [337548.4, 43.077819]]","[[1.0, 0.0, 1.0, 0.0, 1.0, 1.0, 0.0, 0.0, 0.0, 1.0, 1.0, 1.0, 0.0, 1.0, 10.0, 4.096], [1.0, 0.0, 1.0, 1.0, 0.0, 1.0, 0.0, 0.0, 0.0, 1.0, 1.0, 1.0, 0.0, 0.0, 100.0, 4.096], [1.0, 0.0, 1.0, 0.0, 1.0, 1.0, 0.0, 0.0, 0.0, 1.0, 1.0, 1.0, 0.0, 1.0, 1.0, 2.048], [1.0, 0.0, 1.0, 0.0, 1.0, 1.0, 1.0, 0.0, 1.0, 1.0, 1.0, 1.0, 0.0, 0.0, 1.0, 1.024], [1.0, 0.0, 1.0, 0.0, 1.0, 1.0, 0.0, 0.0, 0.0, 1.0, 1.0, 0.0, 1.0, 0.0, 10.0, 1.024], [1.0, 0.0, 1.0, 1.0, 0.0, 1.0, 1.0, 0.0, 1.0, 1.0, 1.0, 0.0, 1.0, 1.0, 1.0, 1.024], [1.0, 0.0, 1.0, 0.0, 1.0, 1.0, 0.0, 0.0, 0.0, 0.0, 1.0, 1.0, 0.0, 0.0, 1.0, 4.096], [1.0, 0.0, 1.0, 0.0, 1.0, 1.0, 1.0, 1.0, 0.0, 0.0, 1.0, 0.0, 1.0, 1.0, 1.0, 2.048], [1.0, 0.0, 1.0, 1.0, 0.0, 1.0, 1.0, 0.0, 1.0, 1.0, 1.0, 0.0, 1.0, 1.0, 10.0, 2.048], [1.0, 0.0, 1.0, 0.0, 1.0, 1.0, 1.0, 1.0, 0.0, 1.0, 0.0, 0.0, 0.0, 0.0, 10.0, 4.096]]"
1.134278222565389,"[[0.9542186857079257, 0.9461524916523782], [0.9844973787094798, 0.9371886845952533], [0.9673521991591161, 0.040603114157401254], [0.915828014506701, 0.9454372928436063], [0.9534869216577732, 0.9437045501308549], [0.9405567725625631, 0.944561059471167], [0.9659373394516957, 0.6441305539221214], [0.9652212188135421, 0.053586442178841905], [0.9609922831032788, 0.5877509553739781], [0.9527429905093995, 0.9148916119483804]]","[[336485.4, 48.33852], [339969.4, 48.238993], [337996.6, 37.522347], [332068.0, 48.330579], [336401.2, 48.31134], [334913.4, 48.32085], [337833.8, 43.767901], [337751.4, 37.862141], [337264.8, 43.34041], [336315.6, 47.991424]]","[[1.0, 0.0, 1.0, 1.0, 0.0, 1.0, 1.0, 0.0, 1.0, 1.0, 1.0, 1.0, 0.0, 0.0, 1.0, 2.048], [1.0, 0.0, 1.0, 0.0, 1.0, 1.0, 1.0, 0.0, 1.0, 1.0, 1.0, 1.0, 0.0, 1.0, 1.0, 2.048], [1.0, 0.0, 1.0, 0.0, 1.0, 1.0, 0.0, 0.0, 0.0, 1.0, 1.0, 1.0, 0.0, 0.0, 500.0, 4.096], [1.0, 0.0, 1.0, 1.0, 0.0, 1.0, 1.0, 1.0, 0.0, 1.0, 1.0, 1.0, 0.0, 0.0, 1.0, 2.048], [1.0, 0.0, 1.0, 0.0, 1.0, 1.0, 1.0, 0.0, 1.0, 1.0, 0.0, 0.0, 0.0, 0.0, 1.0, 0.256], [1.0, 0.0, 1.0, 0.0, 1.0, 1.0, 1.0, 1.0, 0.0, 1.0, 1.0, 1.0, 0.0, 1.0, 1.0, 0.256], [1.0, 0.0, 1.0, 1.0, 0.0, 1.0, 1.0, 1.0, 0.0, 1.0, 1.0, 1.0, 0.0, 0.0, 10.0, 0.256], [1.0, 0.0, 1.0, 1.0, 0.0, 1.0, 0.0, 0.0, 0.0, 1.0, 1.0, 1.0, 0.0, 1.0, 100.0, 1.024], [1.0, 0.0, 1.0, 0.0, 1.0, 1.0, 0.0, 0.0, 0.0, 1.0, 1.0, 1.0, 0.0, 1.0, 10.0, 1.024], [1.0, 0.0, 1.0, 0.0, 1.0, 1.0, 0.0, 0.0, 0.0, 0.0, 1.0, 0.0, 1.0, 0.0, 1.0, 4.096]]"
1.0931876228885984,"[[0.9537511215048587, 0.47765257426556723], [0.9407132066825481, 0.9380846419998198], [0.9514011333913056, 0.5152485107766678], [0.9472208660739269, 0.6492070417577958], [0.994093742892119, 0.0], [0.9470887661503837, 0.6435689592568378], [0.9384396974720982, 0.9379305423698225], [0.9534799690302184, 0.08944226648799411], [0.9524996485449783, 0.042740472094455244], [0.9519625580663629, 0.07165406703849939]]","[[336431.6, 42.808501], [334931.4, 48.248941], [336161.2, 43.170941], [335680.2, 43.848397], [341073.6, 35.952438], [335665.0, 43.758996], [334669.8, 48.24723], [336400.4, 38.800544], [336287.6, 37.578285], [336225.8, 38.334999]]","[[1.0, 0.0, 1.0, 0.0, 1.0, 1.0, 1.0, 1.0, 0.0, 0.0, 1.0, 0.0, 1.0, 1.0, 10.0, 2.048], [1.0, 0.0, 1.0, 0.0, 1.0, 1.0, 1.0, 0.0, 1.0, 1.0, 1.0, 0.0, 1.0, 1.0, 1.0, 4.096], [1.0, 0.0, 1.0, 1.0, 0.0, 1.0, 1.0, 0.0, 1.0, 1.0, 1.0, 1.0, 0.0, 0.0, 10.0, 4.096], [1.0, 0.0, 1.0, 0.0, 1.0, 1.0, 0.0, 0.0, 0.0, 1.0, 1.0, 1.0, 0.0, 0.0, 10.0, 4.096], [1.0, 0.0, 1.0, 0.0, 1.0, 1.0, 0.0, 0.0, 0.0, 1.0, 1.0, 1.0, 0.0, 1.0, 100.0, 4.096], [1.0, 0.0, 1.0, 1.0, 0.0, 1.0, 1.0, 0.0, 1.0, 1.0, 1.0, 1.0, 0.0, 0.0, 10.0, 1.024], [1.0, 0.0, 1.0, 0.0, 1.0, 1.0, 0.0, 0.0, 0.0, 0.0, 1.0, 1.0, 0.0, 0.0, 1.0, 0.256], [1.0, 0.0, 1.0, 0.0, 1.0, 1.0, 0.0, 0.0, 0.0, 1.0, 1.0, 1.0, 0.0, 0.0, 50.0, 2.048], [1.0, 0.0, 1.0, 0.0, 1.0, 1.0, 0.0, 0.0, 0.0, 1.0, 1.0, 0.0, 1.0, 1.0, 200.0, 1.024], [1.0, 0.0, 1.0, 1.0, 0.0, 1.0, 1.0, 0.0, 1.0, 1.0, 1.0, 1.0, 0.0, 0.0, 50.0, 4.096]]"
1.1145095660990796,"[[0.9255721220248821, 0.9489732083746955], [0.9353423018963941, 0.9343483339048824], [0.9642339457007472, 0.8901173419088633], [0.9514011333913056, 0.5152485107766678], [0.9245118463227612, 0.9454444979694971], [0.9619221970387456, 0.10054584440983669], [0.9460962785669229, 0.8849601938175011], [0.9468923544219583, 0.8695129665396497], [0.9634830619248191, 0.08922645974430496], [0.960646389882423, 0.0459505974068306]]","[[333189.2, 48.369839], [334313.4, 48.207456], [337637.8, 47.668423], [336161.2, 43.170941], [333067.2, 48.330659], [337371.8, 39.091142], [335550.8, 47.586648], [335642.4, 47.341707], [337551.4, 38.794896], [337225.0, 37.662299]]","[[1.0, 0.0, 1.0, 0.0, 1.0, 1.0, 0.0, 0.0, 0.0, 0.0, 1.0, 0.0, 1.0, 1.0, 1.0, 4.096], [1.0, 0.0, 1.0, 1.0, 0.0, 1.0, 1.0, 1.0, 0.0, 0.0, 1.0, 0.0, 1.0, 0.0, 1.0, 4.096], [1.0, 0.0, 1.0, 0.0, 1.0, 1.0, 1.0, 1.0, 0.0, 1.0, 0.0, 0.0, 0.0, 0.0, 1.0, 4.096], [1.0, 0.0, 1.0, 1.0, 0.0, 1.0, 1.0, 0.0, 1.0, 1.0, 1.0, 1.0, 0.0, 0.0, 10.0, 4.096], [1.0, 0.0, 1.0, 0.0, 1.0, 1.0, 0.0, 0.0, 0.0, 1.0, 1.0, 0.0, 1.0, 0.0, 1.0, 0.512], [1.0, 0.0, 1.0, 1.0, 0.0, 1.0, 1.0, 1.0, 0.0, 1.0, 1.0, 1.0, 0.0, 0.0, 50.0, 4.096], [1.0, 0.0, 1.0, 1.0, 0.0, 1.0, 1.0, 0.0, 1.0, 1.0, 0.0, 0.0, 0.0, 1.0, 1.0, 2.048], [1.0, 0.0, 1.0, 0.0, 1.0, 1.0, 0.0, 0.0, 0.0, 1.0, 1.0, 0.0, 1.0, 0.0, 1.0, 2.048], [1.0, 0.0, 1.0, 0.0, 1.0, 1.0, 1.0, 0.0, 1.0, 1.0, 1.0, 1.0, 0.0, 0.0, 50.0, 4.096], [1.0, 0.0, 1.0, 0.0, 1.0, 1.0, 1.0, 0.0, 1.0, 1.0, 1.0, 0.0, 1.0, 1.0, 100.0, 2.048]]"
1.1143345157533584,"[[0.994093742892119, 0.0], [0.9643834271931774, 0.9438975574406642], [0.9694310347980288, 0.05076154413096246], [0.9625392427342423, 0.02959689381043788], [0.9653289845406426, 0.016923902611278213], [0.9611886948317048, 0.9368686869416116], [0.9623445691627056, 0.6666078995287593], [0.9611834803610383, 0.9237185216135727], [0.9545002671238985, 0.6337945633469372], [0.9468923544219583, 0.8695129665396497]]","[[341073.6, 35.952438], [337655.0, 48.313483], [338235.8, 37.788209], [337442.8, 37.234297], [337763.8, 36.902625], [337287.4, 48.23544], [337420.4, 44.124316], [337286.8, 48.089431], [336517.8, 43.604007], [335642.4, 47.341707]]","[[1.0, 0.0, 1.0, 0.0, 1.0, 1.0, 0.0, 0.0, 0.0, 1.0, 1.0, 1.0, 0.0, 1.0, 100.0, 4.096], [1.0, 0.0, 1.0, 0.0, 1.0, 1.0, 1.0, 1.0, 0.0, 0.0, 1.0, 1.0, 0.0, 1.0, 1.0, 4.096], [1.0, 0.0, 1.0, 0.0, 1.0, 1.0, 0.0, 0.0, 0.0, 1.0, 1.0, 1.0, 0.0, 0.0, 500.0, 2.048], [1.0, 0.0, 1.0, 1.0, 0.0, 1.0, 1.0, 0.0, 1.0, 1.0, 1.0, 1.0, 0.0, 0.0, 200.0, 4.096], [1.0, 0.0, 1.0, 1.0, 0.0, 1.0, 1.0, 0.0, 1.0, 0.0, 1.0, 1.0, 0.0, 0.0, 500.0, 4.096], [1.0, 0.0, 1.0, 1.0, 0.0, 1.0, 1.0, 1.0, 0.0, 1.0, 1.0, 1.0, 0.0, 0.0, 1.0, 4.096], [1.0, 0.0, 1.0, 1.0, 0.0, 1.0, 0.0, 0.0, 0.0, 0.0, 1.0, 0.0, 1.0, 0.0, 10.0, 4.096], [1.0, 0.0, 1.0, 0.0, 1.0, 1.0, 1.0, 0.0, 1.0, 1.0, 1.0, 1.0, 0.0, 0.0, 1.0, 0.256], [1.0, 0.0, 1.0, 0.0, 1.0, 1.0, 1.0, 0.0, 1.0, 1.0, 0.0, 0.0, 0.0, 0.0, 10.0, 2.048], [1.0, 0.0, 1.0, 0.0, 1.0, 1.0, 0.0, 0.0, 0.0, 1.0, 1.0, 0.0, 1.0, 0.0, 1.0, 2.048]]"
1.1550146561845498,"[[0.9964941375554456, 0.9493443624221639], [0.9562975213468379, 0.9535237857594078], [0.9682699459963621, 0.08607853935025914], [0.9505650799278298, 0.9518852500676835], [0.9623445691627056, 0.6666078995287593], [0.9766513385137839, 0.03981313462026011], [0.9681343697590414, 0.06894215421390033], [0.9562210424437342, 0.605462363293527], [0.9353423018963941, 0.9343483339048824], [0.9580217729804513, 0.04707487106587975]]","[[341349.8, 48.37396], [336724.6, 48.420365], [338102.2, 38.71251], [336065.0, 48.402172], [337420.4, 44.124316], [339066.6, 37.501672], [338086.6, 38.264024], [336715.8, 43.36896], [334313.4, 48.207456], [336923.0, 37.691723]]","[[1.0, 0.0, 1.0, 1.0, 0.0, 1.0, 1.0, 0.0, 1.0, 1.0, 1.0, 1.0, 0.0, 0.0, 1.0, 4.096], [1.0, 0.0, 1.0, 1.0, 0.0, 1.0, 1.0, 0.0, 1.0, 1.0, 1.0, 0.0, 1.0, 0.0, 1.0, 2.048], [1.0, 0.0, 1.0, 1.0, 0.0, 1.0, 1.0, 1.0, 0.0, 1.0, 1.0, 1.0, 0.0, 0.0, 50.0, 2.048], [1.0, 0.0, 1.0, 0.0, 1.0, 1.0, 1.0, 0.0, 1.0, 0.0, 1.0, 0.0, 1.0, 1.0, 1.0, 0.256], [1.0, 0.0, 1.0, 1.0, 0.0, 1.0, 0.0, 0.0, 0.0, 0.0, 1.0, 0.0, 1.0, 0.0, 10.0, 4.096], [1.0, 0.0, 1.0, 1.0, 0.0, 1.0, 0.0, 0.0, 0.0, 1.0, 1.0, 1.0, 0.0, 0.0, 500.0, 1.024], [1.0, 0.0, 1.0, 0.0, 1.0, 1.0, 1.0, 1.0, 0.0, 1.0, 1.0, 1.0, 0.0, 1.0, 50.0, 4.096], [1.0, 0.0, 1.0, 1.0, 0.0, 1.0, 0.0, 0.0, 0.0, 1.0, 1.0, 1.0, 0.0, 0.0, 10.0, 0.256], [1.0, 0.0, 1.0, 1.0, 0.0, 1.0, 1.0, 1.0, 0.0, 0.0, 1.0, 0.0, 1.0, 0.0, 1.0, 4.096], [1.0, 0.0, 1.0, 0.0, 1.0, 1.0, 0.0, 0.0, 0.0, 1.0, 1.0, 0.0, 1.0, 0.0, 100.0, 2.048]]"
1.1311928340406556,"[[0.9687809641216465, 0.023983090978233455], [0.9653011740304229, 0.9614476229582167], [0.9328011165250809, 0.9344061550401589], [0.965064784693557, 0.9057342571970037], [0.9548965668945276, 0.9235744190957497], [0.9072536865746308, 0.9425583947297177], [0.9288711437996782, 0.937230654453569], [0.9351580572661894, 0.931660281563036], [0.9648683729651311, 0.4965225312087311], [0.9574360141089515, 0.6633497675587926]]","[[338161.0, 37.087375], [337760.6, 48.508345], [334021.0, 48.208098], [337733.4, 47.889748], [336563.4, 48.087831], [331081.4, 48.298614], [333568.8, 48.239459], [334292.2, 48.17761], [337710.8, 42.990415], [336855.6, 44.072653]]","[[1.0, 0.0, 1.0, 1.0, 0.0, 1.0, 0.0, 0.0, 0.0, 1.0, 1.0, 0.0, 1.0, 0.0, 500.0, 4.096], [1.0, 0.0, 1.0, 1.0, 0.0, 1.0, 1.0, 0.0, 1.0, 1.0, 1.0, 1.0, 0.0, 0.0, 1.0, 0.256], [1.0, 0.0, 1.0, 0.0, 1.0, 1.0, 1.0, 0.0, 1.0, 1.0, 1.0, 1.0, 0.0, 0.0, 1.0, 2.048], [1.0, 0.0, 1.0, 1.0, 0.0, 1.0, 0.0, 0.0, 0.0, 1.0, 1.0, 0.0, 1.0, 1.0, 1.0, 2.048], [1.0, 0.0, 1.0, 0.0, 1.0, 1.0, 1.0, 0.0, 1.0, 0.0, 1.0, 0.0, 1.0, 0.0, 1.0, 0.256], [1.0, 0.0, 1.0, 1.0, 0.0, 1.0, 1.0, 0.0, 1.0, 0.0, 1.0, 0.0, 1.0, 1.0, 1.0, 4.096], [1.0, 0.0, 1.0, 0.0, 1.0, 1.0, 0.0, 0.0, 0.0, 1.0, 1.0, 1.0, 0.0, 1.0, 1.0, 4.096], [1.0, 0.0, 1.0, 0.0, 1.0, 1.0, 0.0, 0.0, 0.0, 1.0, 1.0, 0.0, 1.0, 0.0, 1.0, 4.096], [1.0, 0.0, 1.0, 0.0, 1.0, 1.0, 1.0, 1.0, 0.0, 1.0, 1.0, 1.0, 0.0, 1.0, 10.0, 2.048], [1.0, 0.0, 1.0, 0.0, 1.0, 1.0, 0.0, 0.0, 0.0, 1.0, 1.0, 1.0, 0.0, 0.0, 10.0, 2.048]]"
1.1360242421212647,"[[0.9619221970387456, 0.10054584440983669], [0.9504051694940671, 0.9778610798664382], [0.9543073317092501, 0.4910216204121301], [0.9460041562518208, 0.6392162695091429], [0.9255721220248821, 0.9489732083746955], [0.9536694281310891, 0.09684583626091058], [0.9562071371886246, 0.03669150229980826], [0.9353423018963941, 0.9343483339048824], [0.9556491888273444, 0.024856443446452717], [0.9435707366076086, 0.47536905990083006]]","[[337371.8, 39.091142], [336046.6, 48.690587], [336495.6, 42.937384], [335540.2, 43.689977], [333189.2, 48.369839], [336422.2, 38.994307], [336714.2, 37.419974], [334313.4, 48.207456], [336650.0, 37.110232], [335260.2, 42.786487]]","[[1.0, 0.0, 1.0, 1.0, 0.0, 1.0, 1.0, 1.0, 0.0, 1.0, 1.0, 1.0, 0.0, 0.0, 50.0, 4.096], [1.0, 0.0, 1.0, 0.0, 1.0, 1.0, 0.0, 0.0, 0.0, 1.0, 1.0, 0.0, 1.0, 0.0, 1.0, 1.024], [1.0, 0.0, 1.0, 0.0, 1.0, 1.0, 1.0, 0.0, 1.0, 0.0, 0.0, 0.0, 0.0, 0.0, 10.0, 0.256], [1.0, 0.0, 1.0, 0.0, 1.0, 1.0, 1.0, 0.0, 1.0, 1.0, 1.0, 1.0, 0.0, 0.0, 10.0, 4.096], [1.0, 0.0, 1.0, 0.0, 1.0, 1.0, 0.0, 0.0, 0.0, 0.0, 1.0, 0.0, 1.0, 1.0, 1.0, 4.096], [1.0, 0.0, 1.0, 0.0, 1.0, 1.0, 0.0, 0.0, 0.0, 1.0, 1.0, 1.0, 0.0, 0.0, 50.0, 4.096], [1.0, 0.0, 1.0, 1.0, 0.0, 1.0, 0.0, 0.0, 0.0, 1.0, 1.0, 0.0, 1.0, 0.0, 500.0, 0.512], [1.0, 0.0, 1.0, 1.0, 0.0, 1.0, 1.0, 1.0, 0.0, 0.0, 1.0, 0.0, 1.0, 0.0, 1.0, 4.096], [1.0, 0.0, 1.0, 0.0, 1.0, 1.0, 1.0, 0.0, 1.0, 0.0, 1.0, 0.0, 1.0, 1.0, 500.0, 4.096], [1.0, 0.0, 1.0, 1.0, 0.0, 1.0, 0.0, 0.0, 0.0, 1.0, 1.0, 0.0, 1.0, 1.0, 10.0, 2.048]]"
1.1500242210703195,"[[0.9761212006627235, 0.8925380324908119], [0.958480646399074, 0.9699442676653733], [0.9140342365975388, 0.9324863492464581], [0.9460962785669229, 0.8849601938175011], [0.9308648097510437, 0.9144522793971661], [0.94580079189584, 0.911395144481545], [0.965629685682392, 0.017657637897939227], [0.9545002671238985, 0.6337945633469372], [0.9462509745300192, 0.04708209264423616], [0.9430440750703253, 0.903056922479921]]","[[339005.6, 47.706807], [336975.8, 48.602685], [331861.6, 48.186782], [335550.8, 47.586648], [333798.2, 47.986546], [335516.8, 47.952602], [337798.4, 36.921828], [336517.8, 43.604007], [335568.6, 37.691912], [335199.6, 47.860021]]","[[1.0, 0.0, 1.0, 0.0, 1.0, 1.0, 1.0, 0.0, 1.0, 1.0, 0.0, 0.0, 0.0, 1.0, 1.0, 0.256], [1.0, 0.0, 1.0, 0.0, 1.0, 1.0, 0.0, 0.0, 0.0, 1.0, 1.0, 1.0, 0.0, 0.0, 1.0, 2.048], [1.0, 0.0, 1.0, 1.0, 0.0, 1.0, 1.0, 0.0, 1.0, 1.0, 1.0, 0.0, 1.0, 0.0, 1.0, 4.096], [1.0, 0.0, 1.0, 1.0, 0.0, 1.0, 1.0, 0.0, 1.0, 1.0, 0.0, 0.0, 0.0, 1.0, 1.0, 2.048], [1.0, 0.0, 1.0, 1.0, 0.0, 1.0, 1.0, 0.0, 1.0, 0.0, 1.0, 0.0, 1.0, 1.0, 1.0, 0.512], [1.0, 0.0, 1.0, 0.0, 1.0, 1.0, 1.0, 1.0, 0.0, 0.0, 1.0, 0.0, 1.0, 0.0, 1.0, 4.096], [1.0, 0.0, 1.0, 1.0, 0.0, 1.0, 1.0, 1.0, 0.0, 0.0, 1.0, 0.0, 1.0, 0.0, 200.0, 2.048], [1.0, 0.0, 1.0, 0.0, 1.0, 1.0, 1.0, 0.0, 1.0, 1.0, 0.0, 0.0, 0.0, 0.0, 10.0, 2.048], [1.0, 0.0, 1.0, 1.0, 0.0, 1.0, 0.0, 0.0, 0.0, 1.0, 1.0, 1.0, 0.0, 0.0, 100.0, 0.256], [1.0, 0.0, 1.0, 1.0, 0.0, 1.0, 1.0, 1.0, 0.0, 1.0, 0.0, 0.0, 0.0, 1.0, 1.0, 0.512]]"
1.1347452679064545,"[[0.9542186857079257, 0.9461524916523782], [0.950332166904741, 0.9483803165779263], [0.9611886948317048, 0.9368686869416116], [0.9798512853459231, 0.6318549333047733], [0.9402317372243717, 0.9566924199981954], [0.9597529772416196, 0.9296815738651746], [0.9703609487334957, 0.6295858512096681], [0.9687809641216465, 0.023983090978233455], [0.9666343403640737, 0.0338062333852451], [0.9652212188135421, 0.053586442178841905]]","[[336485.4, 48.33852], [336038.2, 48.363256], [337287.4, 48.23544], [339434.8, 43.573251], [334876.0, 48.455547], [337122.2, 48.15564], [338342.8, 43.537271], [338161.0, 37.087375], [337914.0, 37.344462], [337751.4, 37.862141]]","[[1.0, 0.0, 1.0, 1.0, 0.0, 1.0, 1.0, 0.0, 1.0, 1.0, 1.0, 1.0, 0.0, 0.0, 1.0, 2.048], [1.0, 0.0, 1.0, 0.0, 1.0, 1.0, 1.0, 1.0, 0.0, 1.0, 1.0, 1.0, 0.0, 1.0, 1.0, 2.048], [1.0, 0.0, 1.0, 1.0, 0.0, 1.0, 1.0, 1.0, 0.0, 1.0, 1.0, 1.0, 0.0, 0.0, 1.0, 4.096], [1.0, 0.0, 1.0, 1.0, 0.0, 1.0, 1.0, 1.0, 0.0, 1.0, 1.0, 0.0, 1.0, 0.0, 10.0, 4.096], [1.0, 0.0, 1.0, 0.0, 1.0, 1.0, 1.0, 0.0, 1.0, 1.0, 1.0, 0.0, 1.0, 0.0, 1.0, 0.256], [1.0, 0.0, 1.0, 0.0, 1.0, 1.0, 1.0, 0.0, 1.0, 1.0, 1.0, 0.0, 1.0, 0.0, 1.0, 4.096], [1.0, 0.0, 1.0, 0.0, 1.0, 1.0, 0.0, 0.0, 0.0, 1.0, 1.0, 1.0, 0.0, 1.0, 10.0, 4.096], [1.0, 0.0, 1.0, 1.0, 0.0, 1.0, 0.0, 0.0, 0.0, 1.0, 1.0, 0.0, 1.0, 0.0, 500.0, 4.096], [1.0, 0.0, 1.0, 1.0, 0.0, 1.0, 1.0, 0.0, 1.0, 1.0, 1.0, 0.0, 1.0, 0.0, 200.0, 0.256], [1.0, 0.0, 1.0, 1.0, 0.0, 1.0, 0.0, 0.0, 0.0, 1.0, 1.0, 1.0, 0.0, 1.0, 100.0, 1.024]]"
1.1397047244609793,"[[0.970234063280619, 0.9523362909484702], [0.9885003540242087, 0.6367987321819125], [0.9308057124168272, 0.9504395415576211], [0.9536468320915354, 0.9374958931504378], [0.9562210424437342, 0.605462363293527], [0.9636169000052505, 0.5047193872374361], [0.9696170175851224, 0.5006137499813127], [0.9284452953619411, 0.925933827632885], [0.9682699459963621, 0.08607853935025914], [0.9483889075031484, 0.9115321319375511]]","[[338328.2, 48.40718], [340430.0, 43.651643], [333791.4, 48.38612], [336419.6, 48.242404], [336715.8, 43.36896], [337566.8, 43.069436], [338257.2, 43.029856], [333519.8, 48.114028], [338102.2, 38.71251], [335814.6, 47.954123]]","[[1.0, 0.0, 1.0, 0.0, 1.0, 1.0, 0.0, 0.0, 0.0, 1.0, 1.0, 1.0, 0.0, 0.0, 1.0, 4.096], [1.0, 0.0, 1.0, 0.0, 1.0, 1.0, 1.0, 0.0, 1.0, 1.0, 0.0, 0.0, 0.0, 0.0, 10.0, 4.096], [1.0, 0.0, 1.0, 0.0, 1.0, 1.0, 1.0, 0.0, 1.0, 1.0, 1.0, 1.0, 0.0, 0.0, 1.0, 0.512], [1.0, 0.0, 1.0, 1.0, 0.0, 1.0, 0.0, 0.0, 0.0, 0.0, 1.0, 0.0, 1.0, 1.0, 1.0, 2.048], [1.0, 0.0, 1.0, 1.0, 0.0, 1.0, 0.0, 0.0, 0.0, 1.0, 1.0, 1.0, 0.0, 0.0, 10.0, 0.256], [1.0, 0.0, 1.0, 1.0, 0.0, 1.0, 1.0, 1.0, 0.0, 1.0, 1.0, 0.0, 1.0, 1.0, 10.0, 0.512], [1.0, 0.0, 1.0, 0.0, 1.0, 1.0, 0.0, 0.0, 0.0, 0.0, 1.0, 0.0, 1.0, 0.0, 10.0, 0.512], [1.0, 0.0, 1.0, 0.0, 1.0, 1.0, 0.0, 0.0, 0.0, 0.0, 1.0, 1.0, 0.0, 1.0, 1.0, 0.256], [1.0, 0.0, 1.0, 1.0, 0.0, 1.0, 1.0, 1.0, 0.0, 1.0, 1.0, 1.0, 0.0, 0.0, 50.0, 2.048], [1.0, 0.0, 1.0, 0.0, 1.0, 1.0, 1.0, 0.0, 1.0, 0.0, 0.0, 0.0, 0.0, 1.0, 1.0, 2.048]]"
1.1276940991401778,"[[0.983171165003384, 0.5071375432686321], [0.937601905851734, 0.9557219796047289], [0.9490094295124227, 0.9034940034292935], [0.9483889075031484, 0.9115321319375511], [0.9710788075285385, 0.036927712868059875], [0.9658417408228159, 0.04177671616384772], [0.9542690922576985, 0.07989442287494135], [0.9511178138184435, 0.477963349637456], [0.9483002615018239, 0.5602353060967953], [0.9399953478875053, 0.5917330754242616]]","[[339816.8, 43.092748], [334573.4, 48.444772], [335886.0, 47.864874], [335814.6, 47.954123], [338425.4, 37.426156], [337822.8, 37.553062], [336491.2, 38.550662], [336128.6, 42.811497], [335804.4, 43.296056], [334848.8, 43.346829]]","[[1.0, 0.0, 1.0, 0.0, 1.0, 1.0, 1.0, 0.0, 1.0, 1.0, 1.0, 1.0, 0.0, 1.0, 10.0, 4.096], [1.0, 0.0, 1.0, 1.0, 0.0, 1.0, 1.0, 1.0, 0.0, 1.0, 1.0, 0.0, 1.0, 0.0, 1.0, 0.512], [1.0, 0.0, 1.0, 1.0, 0.0, 1.0, 1.0, 1.0, 0.0, 1.0, 0.0, 0.0, 0.0, 1.0, 1.0, 1.024], [1.0, 0.0, 1.0, 0.0, 1.0, 1.0, 1.0, 0.0, 1.0, 0.0, 0.0, 0.0, 0.0, 1.0, 1.0, 2.048], [1.0, 0.0, 1.0, 0.0, 1.0, 1.0, 0.0, 0.0, 0.0, 1.0, 1.0, 0.0, 1.0, 0.0, 100.0, 4.096], [1.0, 0.0, 1.0, 0.0, 1.0, 1.0, 0.0, 0.0, 0.0, 0.0, 1.0, 1.0, 0.0, 1.0, 100.0, 4.096], [1.0, 0.0, 1.0, 0.0, 1.0, 1.0, 0.0, 0.0, 0.0, 1.0, 1.0, 0.0, 1.0, 1.0, 50.0, 4.096], [1.0, 0.0, 1.0, 1.0, 0.0, 1.0, 1.0, 1.0, 0.0, 0.0, 1.0, 0.0, 1.0, 0.0, 10.0, 1.024], [1.0, 0.0, 1.0, 0.0, 1.0, 1.0, 0.0, 0.0, 0.0, 0.0, 1.0, 1.0, 0.0, 1.0, 10.0, 4.096], [1.0, 0.0, 1.0, 0.0, 1.0, 1.0, 1.0, 1.0, 0.0, 1.0, 1.0, 1.0, 0.0, 1.0, 10.0, 0.256]]"
1.1150142940330774,"[[0.9611886948317048, 0.9368686869416116], [0.9744995002855451, 0.9280491625304577], [0.9315948356443073, 0.9378543481635232], [0.9531810060453578, 0.8972698695858042], [0.9708007024263429, 0.09060486418456415], [0.9410695288447364, 0.9312565243209099], [0.9580217729804513, 0.04707487106587975], [0.9534799690302184, 0.08944226648799411], [0.9511178138184435, 0.477963349637456], [0.9472208660739269, 0.6492070417577958]]","[[337287.4, 48.23544], [338819.0, 48.137515], [333882.2, 48.246384], [336366.0, 47.781838], [338393.4, 38.830971], [334972.4, 48.173127], [336923.0, 37.691723], [336400.4, 38.800544], [336128.6, 42.811497], [335680.2, 43.848397]]","[[1.0, 0.0, 1.0, 1.0, 0.0, 1.0, 1.0, 1.0, 0.0, 1.0, 1.0, 1.0, 0.0, 0.0, 1.0, 4.096], [1.0, 0.0, 1.0, 0.0, 1.0, 1.0, 1.0, 0.0, 1.0, 0.0, 0.0, 0.0, 0.0, 0.0, 1.0, 0.256], [1.0, 0.0, 1.0, 1.0, 0.0, 1.0, 0.0, 0.0, 0.0, 1.0, 1.0, 1.0, 0.0, 1.0, 1.0, 0.256], [1.0, 0.0, 1.0, 0.0, 1.0, 1.0, 1.0, 1.0, 0.0, 0.0, 1.0, 0.0, 1.0, 1.0, 1.0, 0.256], [1.0, 0.0, 1.0, 1.0, 0.0, 1.0, 0.0, 0.0, 0.0, 1.0, 1.0, 1.0, 0.0, 0.0, 50.0, 4.096], [1.0, 0.0, 1.0, 1.0, 0.0, 1.0, 0.0, 0.0, 0.0, 1.0, 1.0, 0.0, 1.0, 0.0, 1.0, 0.512], [1.0, 0.0, 1.0, 0.0, 1.0, 1.0, 0.0, 0.0, 0.0, 1.0, 1.0, 0.0, 1.0, 0.0, 100.0, 2.048], [1.0, 0.0, 1.0, 0.0, 1.0, 1.0, 0.0, 0.0, 0.0, 1.0, 1.0, 1.0, 0.0, 0.0, 50.0, 2.048], [1.0, 0.0, 1.0, 1.0, 0.0, 1.0, 1.0, 1.0, 0.0, 0.0, 1.0, 0.0, 1.0, 0.0, 10.0, 1.024], [1.0, 0.0, 1.0, 0.0, 1.0, 1.0, 0.0, 0.0, 0.0, 1.0, 1.0, 1.0, 0.0, 0.0, 10.0, 4.096]]"
1.1271433639655073,"[[0.9766513385137839, 0.03981313462026011], [0.970234063280619, 0.9523362909484702], [0.9563374989552789, 0.037248175183803564], [0.9587239883634953, 0.010033370576944185], [0.9383753856672157, 0.9486840126342387], [0.9544707184567904, 0.9412131076617632], [0.9538606253888486, 0.03733533084640194], [0.9511178138184435, 0.477963349637456], [0.9472764870943657, 0.49765899815613096], [0.9383858146085476, 0.9270679144481548]]","[[339066.6, 37.501672], [338328.2, 48.40718], [336729.2, 37.434543], [337003.8, 36.722289], [334662.4, 48.366628], [336514.4, 48.283677], [336444.2, 37.436824], [336128.6, 42.811497], [335686.6, 43.001371], [334663.6, 48.12662]]","[[1.0, 0.0, 1.0, 1.0, 0.0, 1.0, 0.0, 0.0, 0.0, 1.0, 1.0, 1.0, 0.0, 0.0, 500.0, 1.024], [1.0, 0.0, 1.0, 0.0, 1.0, 1.0, 0.0, 0.0, 0.0, 1.0, 1.0, 1.0, 0.0, 0.0, 1.0, 4.096], [1.0, 0.0, 1.0, 0.0, 1.0, 1.0, 1.0, 0.0, 1.0, 1.0, 1.0, 1.0, 0.0, 0.0, 500.0, 4.096], [1.0, 0.0, 1.0, 0.0, 1.0, 1.0, 1.0, 0.0, 1.0, 1.0, 1.0, 0.0, 1.0, 1.0, 500.0, 4.096], [1.0, 0.0, 1.0, 1.0, 0.0, 1.0, 1.0, 1.0, 0.0, 1.0, 1.0, 1.0, 0.0, 0.0, 1.0, 0.512], [1.0, 0.0, 1.0, 1.0, 0.0, 1.0, 1.0, 1.0, 0.0, 1.0, 1.0, 0.0, 1.0, 0.0, 1.0, 1.024], [1.0, 0.0, 1.0, 0.0, 1.0, 1.0, 0.0, 0.0, 0.0, 1.0, 1.0, 1.0, 0.0, 0.0, 200.0, 4.096], [1.0, 0.0, 1.0, 1.0, 0.0, 1.0, 1.0, 1.0, 0.0, 0.0, 1.0, 0.0, 1.0, 0.0, 10.0, 1.024], [1.0, 0.0, 1.0, 0.0, 1.0, 1.0, 1.0, 0.0, 1.0, 0.0, 1.0, 0.0, 1.0, 1.0, 10.0, 0.256], [1.0, 0.0, 1.0, 0.0, 1.0, 1.0, 1.0, 1.0, 0.0, 0.0, 1.0, 0.0, 1.0, 1.0, 1.0, 2.048]]"
1.1179625318650968,"[[0.9551503378002808, 0.9324923835393921], [0.9833658385749211, 0.6059474883720946], [0.9817893302768492, 0.9291272294919231], [0.9164832996537499, 0.914862881508889], [0.9313636607781068, 0.8958804194268448], [0.9310334109692495, 0.9112459983755982], [0.9623445691627056, 0.6666078995287593], [0.9669107073093806, 0.0719321551193367], [0.9375410703606287, 0.8848666052174697], [0.9652785779908697, 0.027546920792437993]]","[[336592.6, 48.186849], [339839.2, 43.369742], [339657.8, 48.149485], [332143.4, 47.991105], [333855.6, 47.759806], [333817.6, 47.950946], [337420.4, 44.124316], [337945.8, 38.342277], [334566.4, 47.585164], [337758.0, 37.180646]]","[[1.0, 0.0, 1.0, 0.0, 1.0, 1.0, 0.0, 0.0, 0.0, 0.0, 1.0, 1.0, 0.0, 1.0, 1.0, 2.048], [1.0, 0.0, 1.0, 1.0, 0.0, 1.0, 1.0, 1.0, 0.0, 1.0, 1.0, 0.0, 1.0, 1.0, 10.0, 0.256], [1.0, 0.0, 1.0, 0.0, 1.0, 1.0, 1.0, 0.0, 1.0, 1.0, 1.0, 1.0, 0.0, 1.0, 1.0, 0.256], [1.0, 0.0, 1.0, 1.0, 0.0, 1.0, 1.0, 0.0, 1.0, 0.0, 1.0, 0.0, 1.0, 1.0, 1.0, 1.024], [1.0, 0.0, 1.0, 0.0, 1.0, 1.0, 1.0, 0.0, 1.0, 1.0, 0.0, 0.0, 0.0, 0.0, 1.0, 1.024], [1.0, 0.0, 1.0, 1.0, 0.0, 1.0, 1.0, 1.0, 0.0, 0.0, 1.0, 1.0, 0.0, 0.0, 1.0, 1.024], [1.0, 0.0, 1.0, 1.0, 0.0, 1.0, 0.0, 0.0, 0.0, 0.0, 1.0, 0.0, 1.0, 0.0, 10.0, 4.096], [1.0, 0.0, 1.0, 0.0, 1.0, 1.0, 0.0, 0.0, 0.0, 1.0, 1.0, 1.0, 0.0, 1.0, 50.0, 0.512], [1.0, 0.0, 1.0, 1.0, 0.0, 1.0, 0.0, 0.0, 0.0, 1.0, 0.0, 0.0, 0.0, 1.0, 1.0, 0.256], [1.0, 0.0, 1.0, 0.0, 1.0, 1.0, 1.0, 0.0, 1.0, 0.0, 1.0, 1.0, 0.0, 0.0, 500.0, 0.512]]"
1.1291450423564062,"[[0.9885003540242087, 0.6367987321819125], [0.9609436147103947, 0.9273551287789913], [0.9534869216577732, 0.9437045501308549], [0.9676233516337569, 0.8840399479605874], [0.9521676605792325, 0.8610658386056683], [0.9732358602274434, 0.5619437900691416], [0.9490094295124227, 0.9034940034292935], [0.9448048279986019, 0.9209872385163798], [0.9315948356443073, 0.9378543481635232], [0.9687809641216465, 0.023983090978233455]]","[[340430.0, 43.651643], [337259.2, 48.129809], [336401.2, 48.31134], [338027.8, 47.572056], [336249.4, 47.207764], [338673.6, 43.29881], [335886.0, 47.864874], [335402.2, 48.059105], [333882.2, 48.246384], [338161.0, 37.087375]]","[[1.0, 0.0, 1.0, 0.0, 1.0, 1.0, 1.0, 0.0, 1.0, 1.0, 0.0, 0.0, 0.0, 0.0, 10.0, 4.096], [1.0, 0.0, 1.0, 1.0, 0.0, 1.0, 0.0, 0.0, 0.0, 1.0, 1.0, 1.0, 0.0, 0.0, 1.0, 4.096], [1.0, 0.0, 1.0, 0.0, 1.0, 1.0, 1.0, 0.0, 1.0, 1.0, 0.0, 0.0, 0.0, 0.0, 1.0, 0.256], [1.0, 0.0, 1.0, 0.0, 1.0, 1.0, 1.0, 0.0, 1.0, 0.0, 0.0, 0.0, 0.0, 0.0, 1.0, 4.096], [1.0, 0.0, 1.0, 0.0, 1.0, 1.0, 0.0, 0.0, 0.0, 1.0, 0.0, 0.0, 0.0, 1.0, 1.0, 4.096], [1.0, 0.0, 1.0, 0.0, 1.0, 1.0, 1.0, 0.0, 1.0, 1.0, 1.0, 0.0, 1.0, 1.0, 10.0, 4.096], [1.0, 0.0, 1.0, 1.0, 0.0, 1.0, 1.0, 1.0, 0.0, 1.0, 0.0, 0.0, 0.0, 1.0, 1.0, 1.024], [1.0, 0.0, 1.0, 0.0, 1.0, 1.0, 1.0, 0.0, 1.0, 0.0, 1.0, 1.0, 0.0, 0.0, 1.0, 4.096], [1.0, 0.0, 1.0, 1.0, 0.0, 1.0, 0.0, 0.0, 0.0, 1.0, 1.0, 1.0, 0.0, 1.0, 1.0, 0.256], [1.0, 0.0, 1.0, 1.0, 0.0, 1.0, 0.0, 0.0, 0.0, 1.0, 1.0, 0.0, 1.0, 0.0, 500.0, 4.096]]"
1.1550146561845493,"[[0.9562975213468379, 0.9535237857594078], [0.9964941375554456, 0.9493443624221639], [0.9777863549621204, 0.04066894896961372], [0.994093742892119, 0.0], [0.9544707184567904, 0.9412131076617632], [0.9722381581733164, 0.643260129489752], [0.9642339457007472, 0.8901173419088633], [0.9647814651206948, 0.07734329524464885], [0.9599076732047158, 0.6328892639173864], [0.9369570496460177, 0.909780745961556]]","[[336724.6, 48.420365], [341349.8, 48.37396], [339197.2, 37.52407], [341073.6, 35.952438], [336514.4, 48.283677], [338558.8, 43.754099], [337637.8, 47.668423], [337700.8, 38.483895], [337140.0, 43.589652], [334499.2, 47.934677]]","[[1.0, 0.0, 1.0, 1.0, 0.0, 1.0, 1.0, 0.0, 1.0, 1.0, 1.0, 0.0, 1.0, 0.0, 1.0, 2.048], [1.0, 0.0, 1.0, 1.0, 0.0, 1.0, 1.0, 0.0, 1.0, 1.0, 1.0, 1.0, 0.0, 0.0, 1.0, 4.096], [1.0, 0.0, 1.0, 1.0, 0.0, 1.0, 0.0, 0.0, 0.0, 1.0, 1.0, 1.0, 0.0, 0.0, 100.0, 4.096], [1.0, 0.0, 1.0, 0.0, 1.0, 1.0, 0.0, 0.0, 0.0, 1.0, 1.0, 1.0, 0.0, 1.0, 100.0, 4.096], [1.0, 0.0, 1.0, 1.0, 0.0, 1.0, 1.0, 1.0, 0.0, 1.0, 1.0, 0.0, 1.0, 0.0, 1.0, 1.024], [1.0, 0.0, 1.0, 0.0, 1.0, 1.0, 0.0, 0.0, 0.0, 1.0, 1.0, 1.0, 0.0, 1.0, 10.0, 0.256], [1.0, 0.0, 1.0, 0.0, 1.0, 1.0, 1.0, 1.0, 0.0, 1.0, 0.0, 0.0, 0.0, 0.0, 1.0, 4.096], [1.0, 0.0, 1.0, 1.0, 0.0, 1.0, 1.0, 1.0, 0.0, 1.0, 1.0, 0.0, 1.0, 1.0, 50.0, 4.096], [1.0, 0.0, 1.0, 0.0, 1.0, 1.0, 0.0, 0.0, 0.0, 0.0, 1.0, 1.0, 0.0, 0.0, 10.0, 1.024], [1.0, 0.0, 1.0, 0.0, 1.0, 1.0, 1.0, 1.0, 0.0, 1.0, 0.0, 0.0, 0.0, 0.0, 1.0, 2.048]]"
1.1135153713147856,"[[0.9542186857079257, 0.9461524916523782], [0.9618491944494195, 0.9215886864001448], [0.9820448393394917, 0.04095242457716139], [0.9351580572661894, 0.931660281563036], [0.9607263450993044, 0.6380897377285744], [0.9304580810390826, 0.9033916906416388], [0.9440591586933399, 0.6318341218236343], [0.960646389882423, 0.0459505974068306], [0.9143071272290685, 0.9296108735673675], [0.9486252968400148, 0.03210098565789004]]","[[336485.4, 48.33852], [337363.4, 48.065783], [339687.2, 37.531489], [334292.2, 48.17761], [337234.2, 43.672114], [333751.4, 47.863738], [335316.4, 43.572921], [337225.0, 37.662299], [331893.0, 48.154855], [335841.8, 37.299833]]","[[1.0, 0.0, 1.0, 1.0, 0.0, 1.0, 1.0, 0.0, 1.0, 1.0, 1.0, 1.0, 0.0, 0.0, 1.0, 2.048], [1.0, 0.0, 1.0, 1.0, 0.0, 1.0, 0.0, 0.0, 0.0, 1.0, 0.0, 0.0, 0.0, 0.0, 1.0, 0.512], [1.0, 0.0, 1.0, 0.0, 1.0, 1.0, 0.0, 0.0, 0.0, 1.0, 1.0, 1.0, 0.0, 0.0, 500.0, 0.256], [1.0, 0.0, 1.0, 0.0, 1.0, 1.0, 0.0, 0.0, 0.0, 1.0, 1.0, 0.0, 1.0, 0.0, 1.0, 4.096], [1.0, 0.0, 1.0, 0.0, 1.0, 1.0, 0.0, 0.0, 0.0, 1.0, 1.0, 0.0, 1.0, 0.0, 10.0, 0.512], [1.0, 0.0, 1.0, 0.0, 1.0, 1.0, 1.0, 1.0, 0.0, 0.0, 0.0, 0.0, 0.0, 0.0, 1.0, 0.512], [1.0, 0.0, 1.0, 1.0, 0.0, 1.0, 0.0, 0.0, 0.0, 1.0, 1.0, 0.0, 1.0, 0.0, 10.0, 4.096], [1.0, 0.0, 1.0, 0.0, 1.0, 1.0, 1.0, 0.0, 1.0, 1.0, 1.0, 0.0, 1.0, 1.0, 100.0, 2.048], [1.0, 0.0, 1.0, 1.0, 0.0, 1.0, 1.0, 0.0, 1.0, 1.0, 1.0, 0.0, 1.0, 1.0, 1.0, 2.048], [1.0, 0.0, 1.0, 1.0, 0.0, 1.0, 0.0, 0.0, 0.0, 0.0, 1.0, 0.0, 1.0, 0.0, 500.0, 2.048]]"
1.1202840974187138,"[[0.9424635306694918, 0.9436310578467649], [0.9798512853459231, 0.6318549333047733], [0.9598972442633833, 0.9171852737117591], [0.9525465787809739, 0.038626426786425694], [0.9293387080027447, 0.9277487988448697], [0.9435707366076086, 0.9168550087537228], [0.9470001201490588, 0.05173011444714074], [0.9491693399461854, 0.031291442903190914], [0.9385996079058609, 0.0794581096302199], [0.93742982831975, 0.6408557727672434]]","[[335132.8, 48.310524], [339434.8, 43.573251], [337138.8, 48.016891], [336293.0, 37.470614], [333622.6, 48.13418], [335260.2, 48.013224], [335654.8, 37.813558], [335904.4, 37.278646], [334688.2, 38.539243], [334553.6, 43.715974]]","[[1.0, 0.0, 1.0, 1.0, 0.0, 1.0, 0.0, 0.0, 0.0, 1.0, 1.0, 1.0, 0.0, 0.0, 1.0, 2.048], [1.0, 0.0, 1.0, 1.0, 0.0, 1.0, 1.0, 1.0, 0.0, 1.0, 1.0, 0.0, 1.0, 0.0, 10.0, 4.096], [1.0, 0.0, 1.0, 0.0, 1.0, 1.0, 0.0, 0.0, 0.0, 0.0, 1.0, 0.0, 1.0, 0.0, 1.0, 1.024], [1.0, 0.0, 1.0, 0.0, 1.0, 1.0, 0.0, 0.0, 0.0, 0.0, 1.0, 0.0, 1.0, 0.0, 500.0, 0.256], [1.0, 0.0, 1.0, 0.0, 1.0, 1.0, 0.0, 0.0, 0.0, 0.0, 1.0, 1.0, 0.0, 0.0, 1.0, 2.048], [1.0, 0.0, 1.0, 1.0, 0.0, 1.0, 1.0, 0.0, 1.0, 1.0, 0.0, 0.0, 0.0, 0.0, 1.0, 4.096], [1.0, 0.0, 1.0, 0.0, 1.0, 1.0, 0.0, 0.0, 0.0, 1.0, 1.0, 0.0, 1.0, 1.0, 100.0, 2.048], [1.0, 0.0, 1.0, 0.0, 1.0, 1.0, 1.0, 0.0, 1.0, 1.0, 0.0, 0.0, 0.0, 0.0, 100.0, 2.048], [1.0, 0.0, 1.0, 0.0, 1.0, 1.0, 1.0, 0.0, 1.0, 1.0, 1.0, 0.0, 1.0, 1.0, 50.0, 4.096], [1.0, 0.0, 1.0, 1.0, 0.0, 1.0, 0.0, 0.0, 0.0, 1.0, 1.0, 0.0, 1.0, 0.0, 10.0, 0.512]]"
1.120316907665321,"[[0.9885003540242087, 0.6367987321819125], [0.9722381581733164, 0.643260129489752], [0.9671123335084725, 0.9350598400866349], [0.983171165003384, 0.5071375432686321], [0.9642339457007472, 0.8901173419088633], [0.9527325615680675, 0.9296896796318022], [0.9328011165250809, 0.9344061550401589], [0.9777863549621204, 0.04066894896961372], [0.9652212188135421, 0.053586442178841905], [0.9570849064174297, 0.08689060392597175]]","[[340430.0, 43.651643], [338558.8, 43.754099], [337969.0, 48.215356], [339816.8, 43.092748], [337637.8, 47.668423], [336314.4, 48.15573], [334021.0, 48.208098], [339197.2, 37.52407], [337751.4, 37.862141], [336815.2, 38.733763]]","[[1.0, 0.0, 1.0, 0.0, 1.0, 1.0, 1.0, 0.0, 1.0, 1.0, 0.0, 0.0, 0.0, 0.0, 10.0, 4.096], [1.0, 0.0, 1.0, 0.0, 1.0, 1.0, 0.0, 0.0, 0.0, 1.0, 1.0, 1.0, 0.0, 1.0, 10.0, 0.256], [1.0, 0.0, 1.0, 1.0, 0.0, 1.0, 1.0, 1.0, 0.0, 1.0, 1.0, 0.0, 1.0, 1.0, 1.0, 2.048], [1.0, 0.0, 1.0, 0.0, 1.0, 1.0, 1.0, 0.0, 1.0, 1.0, 1.0, 1.0, 0.0, 1.0, 10.0, 4.096], [1.0, 0.0, 1.0, 0.0, 1.0, 1.0, 1.0, 1.0, 0.0, 1.0, 0.0, 0.0, 0.0, 0.0, 1.0, 4.096], [1.0, 0.0, 1.0, 1.0, 0.0, 1.0, 1.0, 1.0, 0.0, 0.0, 1.0, 1.0, 0.0, 1.0, 1.0, 0.256], [1.0, 0.0, 1.0, 0.0, 1.0, 1.0, 1.0, 0.0, 1.0, 1.0, 1.0, 1.0, 0.0, 0.0, 1.0, 2.048], [1.0, 0.0, 1.0, 1.0, 0.0, 1.0, 0.0, 0.0, 0.0, 1.0, 1.0, 1.0, 0.0, 0.0, 100.0, 4.096], [1.0, 0.0, 1.0, 1.0, 0.0, 1.0, 0.0, 0.0, 0.0, 1.0, 1.0, 1.0, 0.0, 1.0, 100.0, 1.024], [1.0, 0.0, 1.0, 0.0, 1.0, 1.0, 1.0, 0.0, 1.0, 1.0, 1.0, 0.0, 1.0, 0.0, 50.0, 0.512]]"
1.1431743741974025,"[[0.9664535720476466, 0.9543914630448519], [0.9844973787094798, 0.9371886845952533], [0.9703609487334957, 0.6295858512096681], [0.9766513385137839, 0.03981313462026011], [0.9642339457007472, 0.8901173419088633], [0.9255721220248821, 0.9489732083746955], [0.9430440750703253, 0.903056922479921], [0.9369570496460177, 0.909780745961556], [0.9681343697590414, 0.06894215421390033], [0.9564018107601613, 0.6086566203645489]]","[[337893.2, 48.429999], [339969.4, 48.238993], [338342.8, 43.537271], [339066.6, 37.501672], [337637.8, 47.668423], [333189.2, 48.369839], [335199.6, 47.860021], [334499.2, 47.934677], [338086.6, 38.264024], [336736.6, 43.374109]]","[[1.0, 0.0, 1.0, 0.0, 1.0, 1.0, 0.0, 0.0, 0.0, 1.0, 1.0, 0.0, 1.0, 0.0, 1.0, 0.256], [1.0, 0.0, 1.0, 0.0, 1.0, 1.0, 1.0, 0.0, 1.0, 1.0, 1.0, 1.0, 0.0, 1.0, 1.0, 2.048], [1.0, 0.0, 1.0, 0.0, 1.0, 1.0, 0.0, 0.0, 0.0, 1.0, 1.0, 1.0, 0.0, 1.0, 10.0, 4.096], [1.0, 0.0, 1.0, 1.0, 0.0, 1.0, 0.0, 0.0, 0.0, 1.0, 1.0, 1.0, 0.0, 0.0, 500.0, 1.024], [1.0, 0.0, 1.0, 0.0, 1.0, 1.0, 1.0, 1.0, 0.0, 1.0, 0.0, 0.0, 0.0, 0.0, 1.0, 4.096], [1.0, 0.0, 1.0, 0.0, 1.0, 1.0, 0.0, 0.0, 0.0, 0.0, 1.0, 0.0, 1.0, 1.0, 1.0, 4.096], [1.0, 0.0, 1.0, 1.0, 0.0, 1.0, 1.0, 1.0, 0.0, 1.0, 0.0, 0.0, 0.0, 1.0, 1.0, 0.512], [1.0, 0.0, 1.0, 0.0, 1.0, 1.0, 1.0, 1.0, 0.0, 1.0, 0.0, 0.0, 0.0, 0.0, 1.0, 2.048], [1.0, 0.0, 1.0, 0.0, 1.0, 1.0, 1.0, 1.0, 0.0, 1.0, 1.0, 1.0, 0.0, 1.0, 50.0, 4.096], [1.0, 0.0, 1.0, 0.0, 1.0, 1.0, 0.0, 0.0, 0.0, 0.0, 1.0, 0.0, 1.0, 1.0, 10.0, 4.096]]"
1.1091573092678053,"[[0.9972676173709273, 0.05475633787258704], [0.9619221970387456, 0.10054584440983669], [0.9031620652585766, 0.9407821510693981], [0.9140342365975388, 0.9324863492464581], [0.9609436147103947, 0.9273551287789913], [0.9597164759469562, 0.09622535366339514], [0.9710788075285385, 0.036927712868059875], [0.9310334109692495, 0.9112459983755982], [0.9560020346757551, 0.9080115272989805], [0.965629685682392, 0.017657637897939227]]","[[341438.8, 37.892759], [337371.8, 39.091142], [330610.6, 48.278892], [331861.6, 48.186782], [337259.2, 48.129809], [337118.0, 38.978068], [338425.4, 37.426156], [333817.6, 47.950946], [336690.6, 47.915033], [337798.4, 36.921828]]","[[1.0, 0.0, 1.0, 0.0, 1.0, 1.0, 0.0, 0.0, 0.0, 1.0, 1.0, 1.0, 0.0, 0.0, 100.0, 0.256], [1.0, 0.0, 1.0, 1.0, 0.0, 1.0, 1.0, 1.0, 0.0, 1.0, 1.0, 1.0, 0.0, 0.0, 50.0, 4.096], [1.0, 0.0, 1.0, 0.0, 1.0, 1.0, 1.0, 0.0, 1.0, 1.0, 1.0, 1.0, 0.0, 1.0, 1.0, 1.024], [1.0, 0.0, 1.0, 1.0, 0.0, 1.0, 1.0, 0.0, 1.0, 1.0, 1.0, 0.0, 1.0, 0.0, 1.0, 4.096], [1.0, 0.0, 1.0, 1.0, 0.0, 1.0, 0.0, 0.0, 0.0, 1.0, 1.0, 1.0, 0.0, 0.0, 1.0, 4.096], [1.0, 0.0, 1.0, 0.0, 1.0, 1.0, 0.0, 0.0, 0.0, 1.0, 1.0, 1.0, 0.0, 0.0, 50.0, 1.024], [1.0, 0.0, 1.0, 0.0, 1.0, 1.0, 0.0, 0.0, 0.0, 1.0, 1.0, 0.0, 1.0, 0.0, 100.0, 4.096], [1.0, 0.0, 1.0, 1.0, 0.0, 1.0, 1.0, 1.0, 0.0, 0.0, 1.0, 1.0, 0.0, 0.0, 1.0, 1.024], [1.0, 0.0, 1.0, 0.0, 1.0, 1.0, 1.0, 1.0, 0.0, 1.0, 1.0, 0.0, 1.0, 0.0, 1.0, 2.048], [1.0, 0.0, 1.0, 1.0, 0.0, 1.0, 1.0, 1.0, 0.0, 0.0, 1.0, 0.0, 1.0, 0.0, 200.0, 2.048]]"
1.1338815116342693,"[[0.9611886948317048, 0.9368686869416116], [0.950332166904741, 0.9483803165779263], [1.0, 0.017738603636231955], [0.9885003540242087, 0.6367987321819125], [0.9847946035374511, 0.020771399080076948], [0.9846173115348017, 0.08659883687660719], [0.9708007024263429, 0.09060486418456415], [0.9609922831032788, 0.5877509553739781], [0.9564018107601613, 0.6086566203645489], [0.9547470854020973, 0.632598975288043]]","[[337287.4, 48.23544], [336038.2, 48.363256], [341753.2, 36.923947], [340430.0, 43.651643], [340003.6, 37.00332], [339983.2, 38.726127], [338393.4, 38.830971], [337264.8, 43.34041], [336736.6, 43.374109], [336546.2, 43.585049]]","[[1.0, 0.0, 1.0, 1.0, 0.0, 1.0, 1.0, 1.0, 0.0, 1.0, 1.0, 1.0, 0.0, 0.0, 1.0, 4.096], [1.0, 0.0, 1.0, 0.0, 1.0, 1.0, 1.0, 1.0, 0.0, 1.0, 1.0, 1.0, 0.0, 1.0, 1.0, 2.048], [1.0, 0.0, 1.0, 1.0, 0.0, 1.0, 1.0, 0.0, 1.0, 1.0, 0.0, 0.0, 0.0, 0.0, 500.0, 4.096], [1.0, 0.0, 1.0, 0.0, 1.0, 1.0, 1.0, 0.0, 1.0, 1.0, 0.0, 0.0, 0.0, 0.0, 10.0, 4.096], [1.0, 0.0, 1.0, 1.0, 0.0, 1.0, 1.0, 1.0, 0.0, 1.0, 1.0, 0.0, 1.0, 1.0, 500.0, 2.048], [1.0, 0.0, 1.0, 0.0, 1.0, 1.0, 0.0, 0.0, 0.0, 1.0, 1.0, 1.0, 0.0, 1.0, 50.0, 0.256], [1.0, 0.0, 1.0, 1.0, 0.0, 1.0, 0.0, 0.0, 0.0, 1.0, 1.0, 1.0, 0.0, 0.0, 50.0, 4.096], [1.0, 0.0, 1.0, 0.0, 1.0, 1.0, 0.0, 0.0, 0.0, 1.0, 1.0, 1.0, 0.0, 1.0, 10.0, 1.024], [1.0, 0.0, 1.0, 0.0, 1.0, 1.0, 0.0, 0.0, 0.0, 0.0, 1.0, 0.0, 1.0, 1.0, 10.0, 4.096], [1.0, 0.0, 1.0, 0.0, 1.0, 1.0, 0.0, 0.0, 0.0, 1.0, 1.0, 0.0, 1.0, 0.0, 10.0, 1.024]]"
1.0974509888832835,"[[0.9648683729651311, 0.4965225312087311], [0.9669107073093806, 0.0719321551193367], [0.9598972442633833, 0.9171852737117591], [0.9348921192622145, 0.9205653783954516], [0.93342859116191, 0.9311040458442378], [0.9140342365975388, 0.9324863492464581], [0.9687809641216465, 0.023983090978233455], [0.9660120801979111, 0.0509473182789468], [0.9647814651206948, 0.07734329524464885], [0.9543073317092501, 0.4910216204121301]]","[[337710.8, 42.990415], [337945.8, 38.342277], [337138.8, 48.016891], [334261.6, 48.054421], [334093.2, 48.171434], [331861.6, 48.186782], [338161.0, 37.087375], [337842.4, 37.793071], [337700.8, 38.483895], [336495.6, 42.937384]]","[[1.0, 0.0, 1.0, 0.0, 1.0, 1.0, 1.0, 1.0, 0.0, 1.0, 1.0, 1.0, 0.0, 1.0, 10.0, 2.048], [1.0, 0.0, 1.0, 0.0, 1.0, 1.0, 0.0, 0.0, 0.0, 1.0, 1.0, 1.0, 0.0, 1.0, 50.0, 0.512], [1.0, 0.0, 1.0, 0.0, 1.0, 1.0, 0.0, 0.0, 0.0, 0.0, 1.0, 0.0, 1.0, 0.0, 1.0, 1.024], [1.0, 0.0, 1.0, 0.0, 1.0, 1.0, 0.0, 0.0, 0.0, 0.0, 1.0, 1.0, 0.0, 1.0, 1.0, 4.096], [1.0, 0.0, 1.0, 0.0, 1.0, 1.0, 0.0, 0.0, 0.0, 0.0, 1.0, 1.0, 0.0, 1.0, 1.0, 0.512], [1.0, 0.0, 1.0, 1.0, 0.0, 1.0, 1.0, 0.0, 1.0, 1.0, 1.0, 0.0, 1.0, 0.0, 1.0, 4.096], [1.0, 0.0, 1.0, 1.0, 0.0, 1.0, 0.0, 0.0, 0.0, 1.0, 1.0, 0.0, 1.0, 0.0, 500.0, 4.096], [1.0, 0.0, 1.0, 1.0, 0.0, 1.0, 1.0, 0.0, 1.0, 1.0, 1.0, 0.0, 1.0, 0.0, 100.0, 0.256], [1.0, 0.0, 1.0, 1.0, 0.0, 1.0, 1.0, 1.0, 0.0, 1.0, 1.0, 0.0, 1.0, 1.0, 50.0, 4.096], [1.0, 0.0, 1.0, 0.0, 1.0, 1.0, 1.0, 0.0, 1.0, 0.0, 0.0, 0.0, 0.0, 0.0, 10.0, 0.256]]"
1.1236613196010343,"[[0.9611834803610383, 0.9237185216135727], [0.975246907747696, 0.8865428754255824], [0.9353423018963941, 0.9343483339048824], [0.9642339457007472, 0.8901173419088633], [0.9847946035374511, 0.020771399080076948], [0.915828014506701, 0.9454372928436063], [0.9734235811714257, 0.050460645032777016], [0.9648683729651311, 0.4965225312087311], [0.9548965668945276, 0.9235744190957497], [0.9607263450993044, 0.6380897377285744]]","[[337286.8, 48.089431], [338905.0, 47.611744], [334313.4, 48.207456], [337637.8, 47.668423], [340003.6, 37.00332], [332068.0, 48.330579], [338695.2, 37.780334], [337710.8, 42.990415], [336563.4, 48.087831], [337234.2, 43.672114]]","[[1.0, 0.0, 1.0, 0.0, 1.0, 1.0, 1.0, 0.0, 1.0, 1.0, 1.0, 1.0, 0.0, 0.0, 1.0, 0.256], [1.0, 0.0, 1.0, 0.0, 1.0, 1.0, 1.0, 1.0, 0.0, 1.0, 0.0, 0.0, 0.0, 0.0, 1.0, 1.024], [1.0, 0.0, 1.0, 1.0, 0.0, 1.0, 1.0, 1.0, 0.0, 0.0, 1.0, 0.0, 1.0, 0.0, 1.0, 4.096], [1.0, 0.0, 1.0, 0.0, 1.0, 1.0, 1.0, 1.0, 0.0, 1.0, 0.0, 0.0, 0.0, 0.0, 1.0, 4.096], [1.0, 0.0, 1.0, 1.0, 0.0, 1.0, 1.0, 1.0, 0.0, 1.0, 1.0, 0.0, 1.0, 1.0, 500.0, 2.048], [1.0, 0.0, 1.0, 1.0, 0.0, 1.0, 1.0, 1.0, 0.0, 1.0, 1.0, 1.0, 0.0, 0.0, 1.0, 2.048], [1.0, 0.0, 1.0, 0.0, 1.0, 1.0, 0.0, 0.0, 0.0, 1.0, 1.0, 0.0, 1.0, 1.0, 200.0, 2.048], [1.0, 0.0, 1.0, 0.0, 1.0, 1.0, 1.0, 1.0, 0.0, 1.0, 1.0, 1.0, 0.0, 1.0, 10.0, 2.048], [1.0, 0.0, 1.0, 0.0, 1.0, 1.0, 1.0, 0.0, 1.0, 0.0, 1.0, 0.0, 1.0, 0.0, 1.0, 0.256], [1.0, 0.0, 1.0, 0.0, 1.0, 1.0, 0.0, 0.0, 0.0, 1.0, 1.0, 0.0, 1.0, 0.0, 10.0, 0.512]]"
1.1155973904788854,"[[0.9817893302768492, 0.9291272294919231], [0.9410695288447364, 0.9312565243209099], [0.9825402140527777, 0.008925183079207661], [0.9574360141089515, 0.6633497675587926], [0.9633944159234942, 0.03243184093296163], [0.9383858146085476, 0.9270679144481548], [0.9622402797493822, 0.6228227504904061], [0.9217586058110241, 0.9312453563757785], [0.9573195575974074, 0.03145276302922759], [0.9533252730671217, 0.07575470084386658]]","[[339657.8, 48.149485], [334972.4, 48.173127], [339744.2, 36.693286], [336855.6, 44.072653], [337541.2, 37.308492], [334663.6, 48.12662], [337408.4, 43.430031], [332750.4, 48.173003], [336842.2, 37.282868], [336382.6, 38.442319]]","[[1.0, 0.0, 1.0, 0.0, 1.0, 1.0, 1.0, 0.0, 1.0, 1.0, 1.0, 1.0, 0.0, 1.0, 1.0, 0.256], [1.0, 0.0, 1.0, 1.0, 0.0, 1.0, 0.0, 0.0, 0.0, 1.0, 1.0, 0.0, 1.0, 0.0, 1.0, 0.512], [1.0, 0.0, 1.0, 1.0, 0.0, 1.0, 0.0, 0.0, 0.0, 1.0, 1.0, 1.0, 0.0, 1.0, 200.0, 0.256], [1.0, 0.0, 1.0, 0.0, 1.0, 1.0, 0.0, 0.0, 0.0, 1.0, 1.0, 1.0, 0.0, 0.0, 10.0, 2.048], [1.0, 0.0, 1.0, 1.0, 0.0, 1.0, 0.0, 0.0, 0.0, 1.0, 1.0, 1.0, 0.0, 0.0, 500.0, 4.096], [1.0, 0.0, 1.0, 0.0, 1.0, 1.0, 1.0, 1.0, 0.0, 0.0, 1.0, 0.0, 1.0, 1.0, 1.0, 2.048], [1.0, 0.0, 1.0, 1.0, 0.0, 1.0, 1.0, 0.0, 1.0, 1.0, 1.0, 0.0, 1.0, 1.0, 10.0, 2.048], [1.0, 0.0, 1.0, 1.0, 0.0, 1.0, 0.0, 0.0, 0.0, 0.0, 1.0, 1.0, 0.0, 0.0, 1.0, 1.024], [1.0, 0.0, 1.0, 1.0, 0.0, 1.0, 1.0, 1.0, 0.0, 1.0, 1.0, 1.0, 0.0, 0.0, 100.0, 2.048], [1.0, 0.0, 1.0, 0.0, 1.0, 1.0, 1.0, 0.0, 1.0, 1.0, 1.0, 1.0, 0.0, 1.0, 50.0, 4.096]]"
1.1564605099014131,"[[0.9435707366076086, 0.9168550087537228], [0.9885003540242087, 0.6367987321819125], [0.9407132066825481, 0.9380846419998198], [0.9563201173863916, 0.8850446379788506], [0.9950688489066928, 0.05394198073231688], [0.9307865926910511, 0.972937817345005], [0.9647414875122544, 0.0], [0.963783763066568, 0.036896342943029924], [0.9636169000052505, 0.5047193872374361], [0.9470887661503837, 0.6435689592568378]]","[[335260.2, 48.013224], [340430.0, 43.651643], [334931.4, 48.248941], [336727.2, 47.587987], [341185.8, 37.871446], [333789.2, 48.635923], [337696.2, 36.282639], [337586.0, 37.425335], [337566.8, 43.069436], [335665.0, 43.758996]]","[[1.0, 0.0, 1.0, 1.0, 0.0, 1.0, 1.0, 0.0, 1.0, 1.0, 0.0, 0.0, 0.0, 0.0, 1.0, 4.096], [1.0, 0.0, 1.0, 0.0, 1.0, 1.0, 1.0, 0.0, 1.0, 1.0, 0.0, 0.0, 0.0, 0.0, 10.0, 4.096], [1.0, 0.0, 1.0, 0.0, 1.0, 1.0, 1.0, 0.0, 1.0, 1.0, 1.0, 0.0, 1.0, 1.0, 1.0, 4.096], [1.0, 0.0, 1.0, 1.0, 0.0, 1.0, 0.0, 0.0, 0.0, 1.0, 1.0, 1.0, 0.0, 0.0, 1.0, 1.024], [1.0, 0.0, 1.0, 1.0, 0.0, 1.0, 0.0, 0.0, 0.0, 1.0, 1.0, 1.0, 0.0, 0.0, 100.0, 2.048], [1.0, 0.0, 1.0, 0.0, 1.0, 1.0, 0.0, 0.0, 0.0, 1.0, 1.0, 1.0, 0.0, 1.0, 1.0, 2.048], [1.0, 0.0, 1.0, 0.0, 1.0, 1.0, 0.0, 0.0, 0.0, 1.0, 0.0, 0.0, 0.0, 1.0, 200.0, 1.024], [1.0, 0.0, 1.0, 0.0, 1.0, 1.0, 0.0, 0.0, 0.0, 1.0, 1.0, 0.0, 1.0, 1.0, 500.0, 0.256], [1.0, 0.0, 1.0, 1.0, 0.0, 1.0, 1.0, 1.0, 0.0, 1.0, 1.0, 0.0, 1.0, 1.0, 10.0, 0.512], [1.0, 0.0, 1.0, 1.0, 0.0, 1.0, 1.0, 0.0, 1.0, 1.0, 1.0, 1.0, 0.0, 0.0, 10.0, 1.024]]"
1.1099841692908048,"[[0.9623445691627056, 0.6666078995287593], [0.9269869817323027, 0.9376267562494359], [0.9833658385749211, 0.6059474883720946], [0.9299713971102401, 0.9204376675390306], [0.9375410703606287, 0.8848666052174697], [0.9622402797493822, 0.6228227504904061], [0.972090414837775, 0.0396770709137664], [0.9365729169736098, 0.6289356500868075], [0.9708007024263429, 0.09060486418456415], [0.9288937398392318, 0.9082057955058207]]","[[337420.4, 44.124316], [333352.0, 48.243857], [339839.2, 43.369742], [333695.4, 48.053003], [334566.4, 47.585164], [337408.4, 43.430031], [338541.8, 37.498111], [334455.0, 43.526961], [338393.4, 38.830971], [333571.4, 47.91719]]","[[1.0, 0.0, 1.0, 1.0, 0.0, 1.0, 0.0, 0.0, 0.0, 0.0, 1.0, 0.0, 1.0, 0.0, 10.0, 4.096], [1.0, 0.0, 1.0, 0.0, 1.0, 1.0, 1.0, 0.0, 1.0, 0.0, 1.0, 1.0, 0.0, 1.0, 1.0, 1.024], [1.0, 0.0, 1.0, 1.0, 0.0, 1.0, 1.0, 1.0, 0.0, 1.0, 1.0, 0.0, 1.0, 1.0, 10.0, 0.256], [1.0, 0.0, 1.0, 1.0, 0.0, 1.0, 0.0, 0.0, 0.0, 0.0, 1.0, 0.0, 1.0, 0.0, 1.0, 1.024], [1.0, 0.0, 1.0, 1.0, 0.0, 1.0, 0.0, 0.0, 0.0, 1.0, 0.0, 0.0, 0.0, 1.0, 1.0, 0.256], [1.0, 0.0, 1.0, 1.0, 0.0, 1.0, 1.0, 0.0, 1.0, 1.0, 1.0, 0.0, 1.0, 1.0, 10.0, 2.048], [1.0, 0.0, 1.0, 0.0, 1.0, 1.0, 0.0, 0.0, 0.0, 0.0, 1.0, 1.0, 0.0, 0.0, 500.0, 0.512], [1.0, 0.0, 1.0, 0.0, 1.0, 1.0, 1.0, 0.0, 1.0, 1.0, 1.0, 0.0, 1.0, 0.0, 10.0, 2.048], [1.0, 0.0, 1.0, 1.0, 0.0, 1.0, 0.0, 0.0, 0.0, 1.0, 1.0, 1.0, 0.0, 0.0, 50.0, 4.096], [1.0, 0.0, 1.0, 0.0, 1.0, 1.0, 1.0, 0.0, 1.0, 0.0, 1.0, 0.0, 1.0, 1.0, 1.0, 4.096]]"
1.1603254044971143,"[[0.9353492545239489, 0.9587377751105496], [0.9964941375554456, 0.9493443624221639], [0.994093742892119, 0.0], [0.9744995002855451, 0.9280491625304577], [0.9032698309856776, 0.9274614043858859], [0.9708007024263429, 0.09060486418456415], [0.9285687045010405, 0.9216418242035918], [0.9369570496460177, 0.909780745961556], [0.946565580926878, 0.879795667110099], [0.9547262275194325, 0.03493383126290253]]","[[334314.2, 48.478257], [341349.8, 48.37396], [341073.6, 35.952438], [338819.0, 48.137515], [330623.0, 48.130989], [338393.4, 38.830971], [333534.0, 48.066373], [334499.2, 47.934677], [335604.8, 47.504756], [336543.8, 37.373973]]","[[1.0, 0.0, 1.0, 0.0, 1.0, 1.0, 1.0, 0.0, 1.0, 0.0, 1.0, 1.0, 0.0, 0.0, 1.0, 2.048], [1.0, 0.0, 1.0, 1.0, 0.0, 1.0, 1.0, 0.0, 1.0, 1.0, 1.0, 1.0, 0.0, 0.0, 1.0, 4.096], [1.0, 0.0, 1.0, 0.0, 1.0, 1.0, 0.0, 0.0, 0.0, 1.0, 1.0, 1.0, 0.0, 1.0, 100.0, 4.096], [1.0, 0.0, 1.0, 0.0, 1.0, 1.0, 1.0, 0.0, 1.0, 0.0, 0.0, 0.0, 0.0, 0.0, 1.0, 0.256], [1.0, 0.0, 1.0, 1.0, 0.0, 1.0, 1.0, 0.0, 1.0, 0.0, 1.0, 1.0, 0.0, 0.0, 1.0, 0.512], [1.0, 0.0, 1.0, 1.0, 0.0, 1.0, 0.0, 0.0, 0.0, 1.0, 1.0, 1.0, 0.0, 0.0, 50.0, 4.096], [1.0, 0.0, 1.0, 1.0, 0.0, 1.0, 1.0, 1.0, 0.0, 0.0, 1.0, 0.0, 1.0, 1.0, 1.0, 2.048], [1.0, 0.0, 1.0, 0.0, 1.0, 1.0, 1.0, 1.0, 0.0, 1.0, 0.0, 0.0, 0.0, 0.0, 1.0, 2.048], [1.0, 0.0, 1.0, 1.0, 0.0, 1.0, 0.0, 0.0, 0.0, 1.0, 0.0, 0.0, 0.0, 1.0, 1.0, 4.096], [1.0, 0.0, 1.0, 0.0, 1.0, 1.0, 0.0, 0.0, 0.0, 0.0, 1.0, 0.0, 1.0, 1.0, 200.0, 0.256]]"
1.1224723331937523,"[[0.9390654339520385, 0.9606079555996749], [0.9505650799278298, 0.9518852500676835], [0.9777863549621204, 0.04066894896961372], [0.9562210424437342, 0.605462363293527], [0.9544707184567904, 0.9412131076617632], [0.9563374989552789, 0.037248175183803564], [0.949158911004853, 0.05613034823077772], [0.9710788075285385, 0.036927712868059875], [0.9445892965444004, 0.950830869957585], [0.947676263178772, 0.08912061968056233]]","[[334741.8, 48.499022], [336065.0, 48.402172], [339197.2, 37.52407], [336715.8, 43.36896], [336514.4, 48.283677], [336729.2, 37.434543], [335903.2, 37.928719], [338425.4, 37.426156], [335377.4, 48.390465], [335732.6, 38.792126]]","[[1.0, 0.0, 1.0, 0.0, 1.0, 1.0, 0.0, 0.0, 0.0, 0.0, 1.0, 0.0, 1.0, 1.0, 1.0, 2.048], [1.0, 0.0, 1.0, 0.0, 1.0, 1.0, 1.0, 0.0, 1.0, 0.0, 1.0, 0.0, 1.0, 1.0, 1.0, 0.256], [1.0, 0.0, 1.0, 1.0, 0.0, 1.0, 0.0, 0.0, 0.0, 1.0, 1.0, 1.0, 0.0, 0.0, 100.0, 4.096], [1.0, 0.0, 1.0, 1.0, 0.0, 1.0, 0.0, 0.0, 0.0, 1.0, 1.0, 1.0, 0.0, 0.0, 10.0, 0.256], [1.0, 0.0, 1.0, 1.0, 0.0, 1.0, 1.0, 1.0, 0.0, 1.0, 1.0, 0.0, 1.0, 0.0, 1.0, 1.024], [1.0, 0.0, 1.0, 0.0, 1.0, 1.0, 1.0, 0.0, 1.0, 1.0, 1.0, 1.0, 0.0, 0.0, 500.0, 4.096], [1.0, 0.0, 1.0, 0.0, 1.0, 1.0, 0.0, 0.0, 0.0, 1.0, 1.0, 1.0, 0.0, 0.0, 100.0, 0.512], [1.0, 0.0, 1.0, 0.0, 1.0, 1.0, 0.0, 0.0, 0.0, 1.0, 1.0, 0.0, 1.0, 0.0, 100.0, 4.096], [1.0, 0.0, 1.0, 0.0, 1.0, 1.0, 1.0, 0.0, 1.0, 1.0, 1.0, 1.0, 0.0, 1.0, 1.0, 4.096], [1.0, 0.0, 1.0, 0.0, 1.0, 1.0, 0.0, 0.0, 0.0, 1.0, 1.0, 1.0, 0.0, 1.0, 50.0, 1.024]]"
1.13076714451021,"[[0.9618491944494195, 0.9215886864001448], [0.9761212006627235, 0.8925380324908119], [0.9505650799278298, 0.9518852500676835], [0.9642339457007472, 0.8901173419088633], [0.9722381581733164, 0.643260129489752], [0.9384396974720982, 0.9379305423698225], [0.9490094295124227, 0.9034940034292935], [0.972090414837775, 0.0396770709137664], [0.9660120801979111, 0.0509473182789468], [0.9598190272033907, 0.053964868168483664]]","[[337363.4, 48.065783], [339005.6, 47.706807], [336065.0, 48.402172], [337637.8, 47.668423], [338558.8, 43.754099], [334669.8, 48.24723], [335886.0, 47.864874], [338541.8, 37.498111], [337842.4, 37.793071], [337129.8, 37.872045]]","[[1.0, 0.0, 1.0, 1.0, 0.0, 1.0, 0.0, 0.0, 0.0, 1.0, 0.0, 0.0, 0.0, 0.0, 1.0, 0.512], [1.0, 0.0, 1.0, 0.0, 1.0, 1.0, 1.0, 0.0, 1.0, 1.0, 0.0, 0.0, 0.0, 1.0, 1.0, 0.256], [1.0, 0.0, 1.0, 0.0, 1.0, 1.0, 1.0, 0.0, 1.0, 0.0, 1.0, 0.0, 1.0, 1.0, 1.0, 0.256], [1.0, 0.0, 1.0, 0.0, 1.0, 1.0, 1.0, 1.0, 0.0, 1.0, 0.0, 0.0, 0.0, 0.0, 1.0, 4.096], [1.0, 0.0, 1.0, 0.0, 1.0, 1.0, 0.0, 0.0, 0.0, 1.0, 1.0, 1.0, 0.0, 1.0, 10.0, 0.256], [1.0, 0.0, 1.0, 0.0, 1.0, 1.0, 0.0, 0.0, 0.0, 0.0, 1.0, 1.0, 0.0, 0.0, 1.0, 0.256], [1.0, 0.0, 1.0, 1.0, 0.0, 1.0, 1.0, 1.0, 0.0, 1.0, 0.0, 0.0, 0.0, 1.0, 1.0, 1.024], [1.0, 0.0, 1.0, 0.0, 1.0, 1.0, 0.0, 0.0, 0.0, 0.0, 1.0, 1.0, 0.0, 0.0, 500.0, 0.512], [1.0, 0.0, 1.0, 1.0, 0.0, 1.0, 1.0, 0.0, 1.0, 1.0, 1.0, 0.0, 1.0, 0.0, 100.0, 0.256], [1.0, 0.0, 1.0, 1.0, 0.0, 1.0, 1.0, 1.0, 0.0, 1.0, 1.0, 1.0, 0.0, 0.0, 200.0, 2.048]]"
1.1763969628334277,"[[0.94652212700466, 0.9867440093854349], [0.9761212006627235, 0.8925380324908119], [0.9562975213468379, 0.9535237857594078], [0.9885003540242087, 0.6367987321819125], [0.9694310347980288, 0.05076154413096246], [0.9681343697590414, 0.06894215421390033], [0.9634830619248191, 0.08922645974430496], [0.9612043382437032, 0.6386129257513925], [0.9512672953108737, 0.6435834642285404], [0.9448048279986019, 0.9209872385163798]]","[[335599.8, 48.789216], [339005.6, 47.706807], [336724.6, 48.420365], [340430.0, 43.651643], [338235.8, 37.788209], [338086.6, 38.264024], [337551.4, 38.794896], [337289.2, 43.68041], [336145.8, 43.759226], [335402.2, 48.059105]]","[[1.0, 0.0, 1.0, 0.0, 1.0, 1.0, 0.0, 0.0, 0.0, 0.0, 1.0, 1.0, 0.0, 0.0, 1.0, 1.024], [1.0, 0.0, 1.0, 0.0, 1.0, 1.0, 1.0, 0.0, 1.0, 1.0, 0.0, 0.0, 0.0, 1.0, 1.0, 0.256], [1.0, 0.0, 1.0, 1.0, 0.0, 1.0, 1.0, 0.0, 1.0, 1.0, 1.0, 0.0, 1.0, 0.0, 1.0, 2.048], [1.0, 0.0, 1.0, 0.0, 1.0, 1.0, 1.0, 0.0, 1.0, 1.0, 0.0, 0.0, 0.0, 0.0, 10.0, 4.096], [1.0, 0.0, 1.0, 0.0, 1.0, 1.0, 0.0, 0.0, 0.0, 1.0, 1.0, 1.0, 0.0, 0.0, 500.0, 2.048], [1.0, 0.0, 1.0, 0.0, 1.0, 1.0, 1.0, 1.0, 0.0, 1.0, 1.0, 1.0, 0.0, 1.0, 50.0, 4.096], [1.0, 0.0, 1.0, 0.0, 1.0, 1.0, 1.0, 0.0, 1.0, 1.0, 1.0, 1.0, 0.0, 0.0, 50.0, 4.096], [1.0, 0.0, 1.0, 0.0, 1.0, 1.0, 0.0, 0.0, 0.0, 1.0, 1.0, 0.0, 1.0, 0.0, 10.0, 2.048], [1.0, 0.0, 1.0, 1.0, 0.0, 1.0, 0.0, 0.0, 0.0, 1.0, 1.0, 1.0, 0.0, 0.0, 10.0, 4.096], [1.0, 0.0, 1.0, 0.0, 1.0, 1.0, 1.0, 0.0, 1.0, 0.0, 1.0, 1.0, 0.0, 0.0, 1.0, 4.096]]"
1.1289605836606955,"[[0.9833658385749211, 0.6059474883720946], [0.9598972442633833, 0.9171852737117591], [0.9383753856672157, 0.9486840126342387], [0.965064784693557, 0.9057342571970037], [0.9448048279986019, 0.9209872385163798], [0.9714785836129448, 0.3431534329604073], [0.9288711437996782, 0.937230654453569], [0.9370804587851171, 0.9134635559967516], [0.9658921473725888, 0.5616671074795729], [0.9574360141089515, 0.6633497675587926]]","[[339839.2, 43.369742], [337138.8, 48.016891], [334662.4, 48.366628], [337733.4, 47.889748], [335402.2, 48.059105], [338471.4, 41.511875], [333568.8, 48.239459], [334513.4, 47.975568], [337828.6, 43.298364], [336855.6, 44.072653]]","[[1.0, 0.0, 1.0, 1.0, 0.0, 1.0, 1.0, 1.0, 0.0, 1.0, 1.0, 0.0, 1.0, 1.0, 10.0, 0.256], [1.0, 0.0, 1.0, 0.0, 1.0, 1.0, 0.0, 0.0, 0.0, 0.0, 1.0, 0.0, 1.0, 0.0, 1.0, 1.024], [1.0, 0.0, 1.0, 1.0, 0.0, 1.0, 1.0, 1.0, 0.0, 1.0, 1.0, 1.0, 0.0, 0.0, 1.0, 0.512], [1.0, 0.0, 1.0, 1.0, 0.0, 1.0, 0.0, 0.0, 0.0, 1.0, 1.0, 0.0, 1.0, 1.0, 1.0, 2.048], [1.0, 0.0, 1.0, 0.0, 1.0, 1.0, 1.0, 0.0, 1.0, 0.0, 1.0, 1.0, 0.0, 0.0, 1.0, 4.096], [1.0, 0.0, 1.0, 0.0, 1.0, 1.0, 1.0, 1.0, 0.0, 1.0, 0.0, 0.0, 0.0, 1.0, 10.0, 2.048], [1.0, 0.0, 1.0, 0.0, 1.0, 1.0, 0.0, 0.0, 0.0, 1.0, 1.0, 1.0, 0.0, 1.0, 1.0, 4.096], [1.0, 0.0, 1.0, 1.0, 0.0, 1.0, 0.0, 0.0, 0.0, 1.0, 1.0, 1.0, 0.0, 1.0, 1.0, 0.512], [1.0, 0.0, 1.0, 1.0, 0.0, 1.0, 0.0, 0.0, 0.0, 1.0, 0.0, 0.0, 0.0, 1.0, 10.0, 4.096], [1.0, 0.0, 1.0, 0.0, 1.0, 1.0, 0.0, 0.0, 0.0, 1.0, 1.0, 1.0, 0.0, 0.0, 10.0, 2.048]]"
1.1676652071667615,"[[0.9833658385749211, 0.6059474883720946], [0.9544707184567904, 0.9412131076617632], [0.9598972442633833, 0.9171852737117591], [0.94652212700466, 0.9867440093854349], [0.9445892965444004, 0.950830869957585], [0.9609922831032788, 0.5877509553739781], [0.963783763066568, 0.036896342943029924], [0.9564921949183751, 0.008281048857339596], [0.9538606253888486, 0.03733533084640194], [0.9440591586933399, 0.6318341218236343]]","[[339839.2, 43.369742], [336514.4, 48.283677], [337138.8, 48.016891], [335599.8, 48.789216], [335377.4, 48.390465], [337264.8, 43.34041], [337586.0, 37.425335], [336747.0, 36.676428], [336444.2, 37.436824], [335316.4, 43.572921]]","[[1.0, 0.0, 1.0, 1.0, 0.0, 1.0, 1.0, 1.0, 0.0, 1.0, 1.0, 0.0, 1.0, 1.0, 10.0, 0.256], [1.0, 0.0, 1.0, 1.0, 0.0, 1.0, 1.0, 1.0, 0.0, 1.0, 1.0, 0.0, 1.0, 0.0, 1.0, 1.024], [1.0, 0.0, 1.0, 0.0, 1.0, 1.0, 0.0, 0.0, 0.0, 0.0, 1.0, 0.0, 1.0, 0.0, 1.0, 1.024], [1.0, 0.0, 1.0, 0.0, 1.0, 1.0, 0.0, 0.0, 0.0, 0.0, 1.0, 1.0, 0.0, 0.0, 1.0, 1.024], [1.0, 0.0, 1.0, 0.0, 1.0, 1.0, 1.0, 0.0, 1.0, 1.0, 1.0, 1.0, 0.0, 1.0, 1.0, 4.096], [1.0, 0.0, 1.0, 0.0, 1.0, 1.0, 0.0, 0.0, 0.0, 1.0, 1.0, 1.0, 0.0, 1.0, 10.0, 1.024], [1.0, 0.0, 1.0, 0.0, 1.0, 1.0, 0.0, 0.0, 0.0, 1.0, 1.0, 0.0, 1.0, 1.0, 500.0, 0.256], [1.0, 0.0, 1.0, 0.0, 1.0, 1.0, 1.0, 0.0, 1.0, 0.0, 1.0, 1.0, 0.0, 0.0, 200.0, 0.256], [1.0, 0.0, 1.0, 0.0, 1.0, 1.0, 0.0, 0.0, 0.0, 1.0, 1.0, 1.0, 0.0, 0.0, 200.0, 4.096], [1.0, 0.0, 1.0, 1.0, 0.0, 1.0, 0.0, 0.0, 0.0, 1.0, 1.0, 0.0, 1.0, 0.0, 10.0, 4.096]]"
1.105250355070611,"[[0.9671123335084725, 0.9350598400866349], [0.972090414837775, 0.0396770709137664], [0.9681343697590414, 0.06894215421390033], [0.9642339457007472, 0.8901173419088633], [0.9182457907389149, 0.9192184701741719], [0.9159079697235825, 0.9343297807057127], [0.9253600668844578, 0.9046980700297806], [0.9556491888273444, 0.024856443446452717], [0.9542690922576985, 0.07989442287494135], [0.9527777536471739, 0.08670349244866174]]","[[337969.0, 48.215356], [338541.8, 37.498111], [338086.6, 38.264024], [337637.8, 47.668423], [332346.2, 48.039466], [332077.2, 48.20725], [333164.8, 47.878243], [336650.0, 37.110232], [336491.2, 38.550662], [336319.6, 38.728866]]","[[1.0, 0.0, 1.0, 1.0, 0.0, 1.0, 1.0, 1.0, 0.0, 1.0, 1.0, 0.0, 1.0, 1.0, 1.0, 2.048], [1.0, 0.0, 1.0, 0.0, 1.0, 1.0, 0.0, 0.0, 0.0, 0.0, 1.0, 1.0, 0.0, 0.0, 500.0, 0.512], [1.0, 0.0, 1.0, 0.0, 1.0, 1.0, 1.0, 1.0, 0.0, 1.0, 1.0, 1.0, 0.0, 1.0, 50.0, 4.096], [1.0, 0.0, 1.0, 0.0, 1.0, 1.0, 1.0, 1.0, 0.0, 1.0, 0.0, 0.0, 0.0, 0.0, 1.0, 4.096], [1.0, 0.0, 1.0, 0.0, 1.0, 1.0, 1.0, 0.0, 1.0, 0.0, 1.0, 1.0, 0.0, 0.0, 1.0, 0.256], [1.0, 0.0, 1.0, 1.0, 0.0, 1.0, 1.0, 0.0, 1.0, 1.0, 1.0, 0.0, 1.0, 0.0, 1.0, 1.024], [1.0, 0.0, 1.0, 1.0, 0.0, 1.0, 1.0, 0.0, 1.0, 0.0, 1.0, 1.0, 0.0, 0.0, 1.0, 2.048], [1.0, 0.0, 1.0, 0.0, 1.0, 1.0, 1.0, 0.0, 1.0, 0.0, 1.0, 0.0, 1.0, 1.0, 500.0, 4.096], [1.0, 0.0, 1.0, 0.0, 1.0, 1.0, 0.0, 0.0, 0.0, 1.0, 1.0, 0.0, 1.0, 1.0, 50.0, 4.096], [1.0, 0.0, 1.0, 0.0, 1.0, 1.0, 1.0, 0.0, 1.0, 1.0, 1.0, 1.0, 0.0, 1.0, 50.0, 1.024]]"
1.166433674643851,"[[0.9967322650492008, 0.07564133352649315], [0.9641609431114211, 0.9906350475588848], [0.9682699459963621, 0.08607853935025914], [0.9642339457007472, 0.8901173419088633], [0.9390654339520385, 0.9606079555996749], [0.9586614147155011, 0.06954869037702385], [0.9519104133597013, 0.9050299561411428], [0.9556943809064513, 0.08973861866647372], [0.9448048279986019, 0.9209872385163798], [0.9578705533311322, 0.04123803991162951]]","[[341377.2, 38.439352], [337629.4, 48.832419], [338102.2, 38.71251], [337637.8, 47.668423], [334741.8, 48.499022], [336996.6, 38.279898], [336219.8, 47.881928], [336655.2, 38.8083], [335402.2, 48.059105], [336905.6, 37.538964]]","[[1.0, 0.0, 1.0, 1.0, 0.0, 1.0, 0.0, 0.0, 0.0, 0.0, 1.0, 1.0, 0.0, 1.0, 50.0, 0.256], [1.0, 0.0, 1.0, 1.0, 0.0, 1.0, 0.0, 0.0, 0.0, 1.0, 1.0, 0.0, 1.0, 0.0, 1.0, 2.048], [1.0, 0.0, 1.0, 1.0, 0.0, 1.0, 1.0, 1.0, 0.0, 1.0, 1.0, 1.0, 0.0, 0.0, 50.0, 2.048], [1.0, 0.0, 1.0, 0.0, 1.0, 1.0, 1.0, 1.0, 0.0, 1.0, 0.0, 0.0, 0.0, 0.0, 1.0, 4.096], [1.0, 0.0, 1.0, 0.0, 1.0, 1.0, 0.0, 0.0, 0.0, 0.0, 1.0, 0.0, 1.0, 1.0, 1.0, 2.048], [1.0, 0.0, 1.0, 1.0, 0.0, 1.0, 0.0, 0.0, 0.0, 1.0, 1.0, 0.0, 1.0, 1.0, 50.0, 2.048], [1.0, 0.0, 1.0, 1.0, 0.0, 1.0, 1.0, 0.0, 1.0, 1.0, 0.0, 0.0, 0.0, 0.0, 1.0, 0.512], [1.0, 0.0, 1.0, 1.0, 0.0, 1.0, 0.0, 0.0, 0.0, 1.0, 0.0, 0.0, 0.0, 1.0, 50.0, 4.096], [1.0, 0.0, 1.0, 0.0, 1.0, 1.0, 1.0, 0.0, 1.0, 0.0, 1.0, 1.0, 0.0, 0.0, 1.0, 4.096], [1.0, 0.0, 1.0, 1.0, 0.0, 1.0, 1.0, 0.0, 1.0, 1.0, 1.0, 0.0, 1.0, 0.0, 500.0, 0.256]]"
1.1505999416727584,"[[0.9964941375554456, 0.9493443624221639], [0.9737016862736214, 0.9486446546340584], [0.9255721220248821, 0.9489732083746955], [0.9609436147103947, 0.9273551287789913], [0.9517418121414954, 0.938159755437235], [0.915828014506701, 0.9454372928436063], [0.9618491944494195, 0.9215886864001448], [0.9647814651206948, 0.07734329524464885], [0.9560020346757551, 0.9080115272989805], [0.9423018820788408, 0.9100775971482719]]","[[341349.8, 48.37396], [338727.2, 48.366191], [333189.2, 48.369839], [337259.2, 48.129809], [336200.4, 48.249775], [332068.0, 48.330579], [337363.4, 48.065783], [337700.8, 38.483895], [336690.6, 47.915033], [335114.2, 47.937973]]","[[1.0, 0.0, 1.0, 1.0, 0.0, 1.0, 1.0, 0.0, 1.0, 1.0, 1.0, 1.0, 0.0, 0.0, 1.0, 4.096], [1.0, 0.0, 1.0, 0.0, 1.0, 1.0, 1.0, 1.0, 0.0, 1.0, 1.0, 1.0, 0.0, 1.0, 1.0, 4.096], [1.0, 0.0, 1.0, 0.0, 1.0, 1.0, 0.0, 0.0, 0.0, 0.0, 1.0, 0.0, 1.0, 1.0, 1.0, 4.096], [1.0, 0.0, 1.0, 1.0, 0.0, 1.0, 0.0, 0.0, 0.0, 1.0, 1.0, 1.0, 0.0, 0.0, 1.0, 4.096], [1.0, 0.0, 1.0, 1.0, 0.0, 1.0, 1.0, 1.0, 0.0, 1.0, 1.0, 0.0, 1.0, 0.0, 1.0, 4.096], [1.0, 0.0, 1.0, 1.0, 0.0, 1.0, 1.0, 1.0, 0.0, 1.0, 1.0, 1.0, 0.0, 0.0, 1.0, 2.048], [1.0, 0.0, 1.0, 1.0, 0.0, 1.0, 0.0, 0.0, 0.0, 1.0, 0.0, 0.0, 0.0, 0.0, 1.0, 0.512], [1.0, 0.0, 1.0, 1.0, 0.0, 1.0, 1.0, 1.0, 0.0, 1.0, 1.0, 0.0, 1.0, 1.0, 50.0, 4.096], [1.0, 0.0, 1.0, 0.0, 1.0, 1.0, 1.0, 1.0, 0.0, 1.0, 1.0, 0.0, 1.0, 0.0, 1.0, 2.048], [1.0, 0.0, 1.0, 1.0, 0.0, 1.0, 1.0, 0.0, 1.0, 0.0, 1.0, 0.0, 1.0, 0.0, 1.0, 1.024]]"
1.1505999416727595,"[[0.9964941375554456, 0.9493443624221639], [0.9527429905093995, 0.9148916119483804], [0.950332166904741, 0.9483803165779263], [0.9694310347980288, 0.05076154413096246], [0.9642339457007472, 0.8901173419088633], [0.9673521991591161, 0.040603114157401254], [0.9519625580663629, 0.07165406703849939], [0.9435707366076086, 0.47536905990083006], [0.9385578921405316, 0.5068536339919767], [0.9341777367809497, 0.5600057712130765]]","[[341349.8, 48.37396], [336315.6, 47.991424], [336038.2, 48.363256], [338235.8, 37.788209], [337637.8, 47.668423], [337996.6, 37.522347], [336225.8, 38.334999], [335260.2, 42.786487], [334683.4, 43.090011], [334179.4, 43.295686]]","[[1.0, 0.0, 1.0, 1.0, 0.0, 1.0, 1.0, 0.0, 1.0, 1.0, 1.0, 1.0, 0.0, 0.0, 1.0, 4.096], [1.0, 0.0, 1.0, 0.0, 1.0, 1.0, 0.0, 0.0, 0.0, 0.0, 1.0, 0.0, 1.0, 0.0, 1.0, 4.096], [1.0, 0.0, 1.0, 0.0, 1.0, 1.0, 1.0, 1.0, 0.0, 1.0, 1.0, 1.0, 0.0, 1.0, 1.0, 2.048], [1.0, 0.0, 1.0, 0.0, 1.0, 1.0, 0.0, 0.0, 0.0, 1.0, 1.0, 1.0, 0.0, 0.0, 500.0, 2.048], [1.0, 0.0, 1.0, 0.0, 1.0, 1.0, 1.0, 1.0, 0.0, 1.0, 0.0, 0.0, 0.0, 0.0, 1.0, 4.096], [1.0, 0.0, 1.0, 0.0, 1.0, 1.0, 0.0, 0.0, 0.0, 1.0, 1.0, 1.0, 0.0, 0.0, 500.0, 4.096], [1.0, 0.0, 1.0, 1.0, 0.0, 1.0, 1.0, 0.0, 1.0, 1.0, 1.0, 1.0, 0.0, 0.0, 50.0, 4.096], [1.0, 0.0, 1.0, 1.0, 0.0, 1.0, 0.0, 0.0, 0.0, 1.0, 1.0, 0.0, 1.0, 1.0, 10.0, 2.048], [1.0, 0.0, 1.0, 1.0, 0.0, 1.0, 1.0, 1.0, 0.0, 1.0, 0.0, 0.0, 0.0, 1.0, 10.0, 4.096], [1.0, 0.0, 1.0, 0.0, 1.0, 1.0, 1.0, 0.0, 1.0, 1.0, 0.0, 0.0, 0.0, 1.0, 10.0, 4.096]]"
1.2027248292818644,"[[0.9933897893521862, 0.9999963974370546], [0.9765922411795674, 0.03136476675962498], [0.9551503378002808, 0.9324923835393921], [0.9847946035374511, 0.020771399080076948], [0.9599076732047158, 0.6328892639173864], [0.9353492545239489, 0.9587377751105496], [0.9714785836129448, 0.3431534329604073], [0.9445892965444004, 0.950830869957585], [0.9630485227026384, 0.019128356271051413], [0.9538606253888486, 0.03733533084640194]]","[[340992.6, 48.93636], [339059.8, 37.280565], [336592.6, 48.186849], [340003.6, 37.00332], [337140.0, 43.589652], [334314.2, 48.478257], [338471.4, 41.511875], [335377.4, 48.390465], [337501.4, 36.960319], [336444.2, 37.436824]]","[[1.0, 0.0, 1.0, 1.0, 0.0, 1.0, 0.0, 0.0, 0.0, 1.0, 1.0, 0.0, 1.0, 0.0, 1.0, 4.096], [1.0, 0.0, 1.0, 0.0, 1.0, 1.0, 0.0, 0.0, 0.0, 1.0, 1.0, 0.0, 1.0, 0.0, 500.0, 0.512], [1.0, 0.0, 1.0, 0.0, 1.0, 1.0, 0.0, 0.0, 0.0, 0.0, 1.0, 1.0, 0.0, 1.0, 1.0, 2.048], [1.0, 0.0, 1.0, 1.0, 0.0, 1.0, 1.0, 1.0, 0.0, 1.0, 1.0, 0.0, 1.0, 1.0, 500.0, 2.048], [1.0, 0.0, 1.0, 0.0, 1.0, 1.0, 0.0, 0.0, 0.0, 0.0, 1.0, 1.0, 0.0, 0.0, 10.0, 1.024], [1.0, 0.0, 1.0, 0.0, 1.0, 1.0, 1.0, 0.0, 1.0, 0.0, 1.0, 1.0, 0.0, 0.0, 1.0, 2.048], [1.0, 0.0, 1.0, 0.0, 1.0, 1.0, 1.0, 1.0, 0.0, 1.0, 0.0, 0.0, 0.0, 1.0, 10.0, 2.048], [1.0, 0.0, 1.0, 0.0, 1.0, 1.0, 1.0, 0.0, 1.0, 1.0, 1.0, 1.0, 0.0, 1.0, 1.0, 4.096], [1.0, 0.0, 1.0, 0.0, 1.0, 1.0, 1.0, 0.0, 1.0, 1.0, 1.0, 0.0, 1.0, 0.0, 500.0, 0.512], [1.0, 0.0, 1.0, 0.0, 1.0, 1.0, 0.0, 0.0, 0.0, 1.0, 1.0, 1.0, 0.0, 0.0, 200.0, 4.096]]"
1.113879753125596,"[[0.9611956474592596, 0.9346843629636318], [0.9634569895714883, 0.5055889566441583], [0.950332166904741, 0.9483803165779263], [0.9622402797493822, 0.6228227504904061], [0.9611834803610383, 0.9237185216135727], [0.9351580572661894, 0.931660281563036], [0.9221827160918724, 0.9408696933489762], [0.9563374989552789, 0.037248175183803564], [0.9548965668945276, 0.9235744190957497], [0.9284452953619411, 0.925933827632885]]","[[337288.2, 48.211187], [337548.4, 43.077819], [336038.2, 48.363256], [337408.4, 43.430031], [337286.8, 48.089431], [334292.2, 48.17761], [332799.2, 48.279864], [336729.2, 37.434543], [336563.4, 48.087831], [333519.8, 48.114028]]","[[1.0, 0.0, 1.0, 1.0, 0.0, 1.0, 1.0, 1.0, 0.0, 0.0, 1.0, 1.0, 0.0, 1.0, 1.0, 1.024], [1.0, 0.0, 1.0, 0.0, 1.0, 1.0, 1.0, 1.0, 0.0, 1.0, 0.0, 0.0, 0.0, 0.0, 10.0, 4.096], [1.0, 0.0, 1.0, 0.0, 1.0, 1.0, 1.0, 1.0, 0.0, 1.0, 1.0, 1.0, 0.0, 1.0, 1.0, 2.048], [1.0, 0.0, 1.0, 1.0, 0.0, 1.0, 1.0, 0.0, 1.0, 1.0, 1.0, 0.0, 1.0, 1.0, 10.0, 2.048], [1.0, 0.0, 1.0, 0.0, 1.0, 1.0, 1.0, 0.0, 1.0, 1.0, 1.0, 1.0, 0.0, 0.0, 1.0, 0.256], [1.0, 0.0, 1.0, 0.0, 1.0, 1.0, 0.0, 0.0, 0.0, 1.0, 1.0, 0.0, 1.0, 0.0, 1.0, 4.096], [1.0, 0.0, 1.0, 1.0, 0.0, 1.0, 1.0, 0.0, 1.0, 0.0, 1.0, 1.0, 0.0, 1.0, 1.0, 0.512], [1.0, 0.0, 1.0, 0.0, 1.0, 1.0, 1.0, 0.0, 1.0, 1.0, 1.0, 1.0, 0.0, 0.0, 500.0, 4.096], [1.0, 0.0, 1.0, 0.0, 1.0, 1.0, 1.0, 0.0, 1.0, 0.0, 1.0, 0.0, 1.0, 0.0, 1.0, 0.256], [1.0, 0.0, 1.0, 0.0, 1.0, 1.0, 0.0, 0.0, 0.0, 0.0, 1.0, 1.0, 0.0, 1.0, 1.0, 0.256]]"
1.1438985285047578,"[[0.9600901796780317, 0.9355838328670697], [0.9307865926910511, 0.972937817345005], [0.9647814651206948, 0.07734329524464885], [1.0, 0.017738603636231955], [0.9636169000052505, 0.5047193872374361], [0.9950688489066928, 0.05394198073231688], [0.9633944159234942, 0.03243184093296163], [0.9563374989552789, 0.05212783618847582], [0.9534799690302184, 0.08944226648799411], [0.9519104133597013, 0.9050299561411428]]","[[337161.0, 48.221174], [333789.2, 48.635923], [337700.8, 38.483895], [341753.2, 36.923947], [337566.8, 43.069436], [341185.8, 37.871446], [337541.2, 37.308492], [336729.2, 37.823967], [336400.4, 38.800544], [336219.8, 47.881928]]","[[1.0, 0.0, 1.0, 1.0, 0.0, 1.0, 0.0, 0.0, 0.0, 0.0, 1.0, 1.0, 0.0, 0.0, 1.0, 0.256], [1.0, 0.0, 1.0, 0.0, 1.0, 1.0, 0.0, 0.0, 0.0, 1.0, 1.0, 1.0, 0.0, 1.0, 1.0, 2.048], [1.0, 0.0, 1.0, 1.0, 0.0, 1.0, 1.0, 1.0, 0.0, 1.0, 1.0, 0.0, 1.0, 1.0, 50.0, 4.096], [1.0, 0.0, 1.0, 1.0, 0.0, 1.0, 1.0, 0.0, 1.0, 1.0, 0.0, 0.0, 0.0, 0.0, 500.0, 4.096], [1.0, 0.0, 1.0, 1.0, 0.0, 1.0, 1.0, 1.0, 0.0, 1.0, 1.0, 0.0, 1.0, 1.0, 10.0, 0.512], [1.0, 0.0, 1.0, 1.0, 0.0, 1.0, 0.0, 0.0, 0.0, 1.0, 1.0, 1.0, 0.0, 0.0, 100.0, 2.048], [1.0, 0.0, 1.0, 1.0, 0.0, 1.0, 0.0, 0.0, 0.0, 1.0, 1.0, 1.0, 0.0, 0.0, 500.0, 4.096], [1.0, 0.0, 1.0, 0.0, 1.0, 1.0, 1.0, 0.0, 1.0, 1.0, 1.0, 1.0, 0.0, 0.0, 100.0, 2.048], [1.0, 0.0, 1.0, 0.0, 1.0, 1.0, 0.0, 0.0, 0.0, 1.0, 1.0, 1.0, 0.0, 0.0, 50.0, 2.048], [1.0, 0.0, 1.0, 1.0, 0.0, 1.0, 1.0, 0.0, 1.0, 1.0, 0.0, 0.0, 0.0, 0.0, 1.0, 0.512]]"
1.1320893523536735,"[[0.9761212006627235, 0.8925380324908119], [0.970234063280619, 0.9523362909484702], [0.9700515568073032, 0.9260588365670972], [0.9441252086551111, 0.8984647008635658], [0.9619221970387456, 0.10054584440983669], [0.9391419128551421, 0.9113389444995937], [0.9602327085429072, 0.0333011049943865], [0.9580217729804513, 0.04707487106587975], [0.9402317372243717, 0.07832134149433213], [0.9333920898672468, 0.4091412307078965]]","[[339005.6, 47.706807], [338328.2, 48.40718], [338307.2, 48.115416], [335324.0, 47.800784], [337371.8, 39.091142], [334750.6, 47.951978], [337177.4, 37.331242], [336923.0, 37.691723], [334876.0, 38.509492], [334089.0, 42.148024]]","[[1.0, 0.0, 1.0, 0.0, 1.0, 1.0, 1.0, 0.0, 1.0, 1.0, 0.0, 0.0, 0.0, 1.0, 1.0, 0.256], [1.0, 0.0, 1.0, 0.0, 1.0, 1.0, 0.0, 0.0, 0.0, 1.0, 1.0, 1.0, 0.0, 0.0, 1.0, 4.096], [1.0, 0.0, 1.0, 1.0, 0.0, 1.0, 1.0, 0.0, 1.0, 1.0, 1.0, 0.0, 1.0, 1.0, 1.0, 0.256], [1.0, 0.0, 1.0, 1.0, 0.0, 1.0, 1.0, 1.0, 0.0, 1.0, 1.0, 0.0, 1.0, 0.0, 1.0, 2.048], [1.0, 0.0, 1.0, 1.0, 0.0, 1.0, 1.0, 1.0, 0.0, 1.0, 1.0, 1.0, 0.0, 0.0, 50.0, 4.096], [1.0, 0.0, 1.0, 1.0, 0.0, 1.0, 0.0, 0.0, 0.0, 0.0, 1.0, 1.0, 0.0, 0.0, 1.0, 2.048], [1.0, 0.0, 1.0, 1.0, 0.0, 1.0, 0.0, 0.0, 0.0, 1.0, 1.0, 0.0, 1.0, 0.0, 500.0, 1.024], [1.0, 0.0, 1.0, 0.0, 1.0, 1.0, 0.0, 0.0, 0.0, 1.0, 1.0, 0.0, 1.0, 0.0, 100.0, 2.048], [1.0, 0.0, 1.0, 1.0, 0.0, 1.0, 0.0, 0.0, 0.0, 0.0, 1.0, 1.0, 0.0, 1.0, 50.0, 0.512], [1.0, 0.0, 1.0, 1.0, 0.0, 1.0, 1.0, 1.0, 0.0, 1.0, 0.0, 0.0, 0.0, 1.0, 10.0, 0.256]]"
1.113323012875148,"[[0.9519104133597013, 0.9050299561411428], [0.9472782252512545, 0.948217750925007], [0.9353492545239489, 0.9587377751105496], [0.9470001201490588, 0.05173011444714074], [0.9487521822928919, 0.011933791966969644], [0.9351580572661894, 0.931660281563036], [0.9483350246395984, 0.04200425319618991], [0.9460962785669229, 0.8849601938175011], [0.947425968586796, 0.03653385027706346], [0.9436958839035964, 0.09351829343377659]]","[[336219.8, 47.881928], [335686.8, 48.361451], [334314.2, 48.478257], [335654.8, 37.813558], [335856.4, 36.772026], [334292.2, 48.17761], [335808.4, 37.559017], [335550.8, 47.586648], [335703.8, 37.415848], [335274.6, 38.90722]]","[[1.0, 0.0, 1.0, 1.0, 0.0, 1.0, 1.0, 0.0, 1.0, 1.0, 0.0, 0.0, 0.0, 0.0, 1.0, 0.512], [1.0, 0.0, 1.0, 0.0, 1.0, 1.0, 1.0, 0.0, 1.0, 1.0, 1.0, 0.0, 1.0, 0.0, 1.0, 1.024], [1.0, 0.0, 1.0, 0.0, 1.0, 1.0, 1.0, 0.0, 1.0, 0.0, 1.0, 1.0, 0.0, 0.0, 1.0, 2.048], [1.0, 0.0, 1.0, 0.0, 1.0, 1.0, 0.0, 0.0, 0.0, 1.0, 1.0, 0.0, 1.0, 1.0, 100.0, 2.048], [1.0, 0.0, 1.0, 1.0, 0.0, 1.0, 0.0, 0.0, 0.0, 1.0, 1.0, 1.0, 0.0, 1.0, 500.0, 2.048], [1.0, 0.0, 1.0, 0.0, 1.0, 1.0, 0.0, 0.0, 0.0, 1.0, 1.0, 0.0, 1.0, 0.0, 1.0, 4.096], [1.0, 0.0, 1.0, 1.0, 0.0, 1.0, 1.0, 1.0, 0.0, 0.0, 0.0, 0.0, 0.0, 1.0, 100.0, 2.048], [1.0, 0.0, 1.0, 1.0, 0.0, 1.0, 1.0, 0.0, 1.0, 1.0, 0.0, 0.0, 0.0, 1.0, 1.0, 2.048], [1.0, 0.0, 1.0, 0.0, 1.0, 1.0, 1.0, 0.0, 1.0, 1.0, 1.0, 1.0, 0.0, 1.0, 100.0, 2.048], [1.0, 0.0, 1.0, 0.0, 1.0, 1.0, 0.0, 0.0, 0.0, 0.0, 1.0, 1.0, 0.0, 0.0, 50.0, 2.048]]"
1.154195020326763,"[[0.9763037071360394, 0.9594938630087537], [0.9307865926910511, 0.972937817345005], [0.9562975213468379, 0.9535237857594078], [0.965064784693557, 0.9057342571970037], [0.965629685682392, 0.017657637897939227], [0.9255721220248821, 0.9489732083746955], [0.9472782252512545, 0.948217750925007], [0.9623445691627056, 0.6666078995287593], [0.9505390075744989, 0.0734553350114085], [0.9480551813805139, 0.07637205026982001]]","[[339026.6, 48.486652], [333789.2, 48.635923], [336724.6, 48.420365], [337733.4, 47.889748], [337798.4, 36.921828], [333189.2, 48.369839], [335686.8, 48.361451], [337420.4, 44.124316], [336062.0, 38.382141], [335776.2, 38.458476]]","[[1.0, 0.0, 1.0, 0.0, 1.0, 1.0, 0.0, 0.0, 0.0, 1.0, 1.0, 1.0, 0.0, 1.0, 1.0, 0.256], [1.0, 0.0, 1.0, 0.0, 1.0, 1.0, 0.0, 0.0, 0.0, 1.0, 1.0, 1.0, 0.0, 1.0, 1.0, 2.048], [1.0, 0.0, 1.0, 1.0, 0.0, 1.0, 1.0, 0.0, 1.0, 1.0, 1.0, 0.0, 1.0, 0.0, 1.0, 2.048], [1.0, 0.0, 1.0, 1.0, 0.0, 1.0, 0.0, 0.0, 0.0, 1.0, 1.0, 0.0, 1.0, 1.0, 1.0, 2.048], [1.0, 0.0, 1.0, 1.0, 0.0, 1.0, 1.0, 1.0, 0.0, 0.0, 1.0, 0.0, 1.0, 0.0, 200.0, 2.048], [1.0, 0.0, 1.0, 0.0, 1.0, 1.0, 0.0, 0.0, 0.0, 0.0, 1.0, 0.0, 1.0, 1.0, 1.0, 4.096], [1.0, 0.0, 1.0, 0.0, 1.0, 1.0, 1.0, 0.0, 1.0, 1.0, 1.0, 0.0, 1.0, 0.0, 1.0, 1.024], [1.0, 0.0, 1.0, 1.0, 0.0, 1.0, 0.0, 0.0, 0.0, 0.0, 1.0, 0.0, 1.0, 0.0, 10.0, 4.096], [1.0, 0.0, 1.0, 1.0, 0.0, 1.0, 1.0, 0.0, 1.0, 1.0, 1.0, 1.0, 0.0, 0.0, 50.0, 0.512], [1.0, 0.0, 1.0, 0.0, 1.0, 1.0, 0.0, 0.0, 0.0, 1.0, 1.0, 0.0, 1.0, 1.0, 50.0, 0.512]]"
1.178544467903229,"[[0.9885003540242087, 0.6367987321819125], [0.9641609431114211, 0.9906350475588848], [0.9551503378002808, 0.9324923835393921], [0.9220488780114405, 0.9445583575489576], [0.9727769868088205, 0.076685749520119], [0.9607889187472984, 0.03210327822244756], [0.9548965668945276, 0.9235744190957497], [0.9140342365975388, 0.9324863492464581], [0.9542690922576985, 0.07989442287494135], [0.9512672953108737, 0.6435834642285404]]","[[340430.0, 43.651643], [337629.4, 48.832419], [336592.6, 48.186849], [332783.8, 48.32082], [338620.8, 38.466686], [337241.4, 37.299893], [336563.4, 48.087831], [331861.6, 48.186782], [336491.2, 38.550662], [336145.8, 43.759226]]","[[1.0, 0.0, 1.0, 0.0, 1.0, 1.0, 1.0, 0.0, 1.0, 1.0, 0.0, 0.0, 0.0, 0.0, 10.0, 4.096], [1.0, 0.0, 1.0, 1.0, 0.0, 1.0, 0.0, 0.0, 0.0, 1.0, 1.0, 0.0, 1.0, 0.0, 1.0, 2.048], [1.0, 0.0, 1.0, 0.0, 1.0, 1.0, 0.0, 0.0, 0.0, 0.0, 1.0, 1.0, 0.0, 1.0, 1.0, 2.048], [1.0, 0.0, 1.0, 0.0, 1.0, 1.0, 0.0, 0.0, 0.0, 1.0, 1.0, 1.0, 0.0, 0.0, 1.0, 0.512], [1.0, 0.0, 1.0, 0.0, 1.0, 1.0, 0.0, 0.0, 0.0, 0.0, 1.0, 1.0, 0.0, 1.0, 50.0, 2.048], [1.0, 0.0, 1.0, 0.0, 1.0, 1.0, 0.0, 0.0, 0.0, 0.0, 1.0, 0.0, 1.0, 1.0, 200.0, 2.048], [1.0, 0.0, 1.0, 0.0, 1.0, 1.0, 1.0, 0.0, 1.0, 0.0, 1.0, 0.0, 1.0, 0.0, 1.0, 0.256], [1.0, 0.0, 1.0, 1.0, 0.0, 1.0, 1.0, 0.0, 1.0, 1.0, 1.0, 0.0, 1.0, 0.0, 1.0, 4.096], [1.0, 0.0, 1.0, 0.0, 1.0, 1.0, 0.0, 0.0, 0.0, 1.0, 1.0, 0.0, 1.0, 1.0, 50.0, 4.096], [1.0, 0.0, 1.0, 1.0, 0.0, 1.0, 0.0, 0.0, 0.0, 1.0, 1.0, 1.0, 0.0, 0.0, 10.0, 4.096]]"
1.15776851546886,"[[0.9504051694940671, 0.9778610798664382], [0.9761212006627235, 0.8925380324908119], [0.9764653557266909, 0.055529314222592656], [0.9353492545239489, 0.9587377751105496], [0.9370804587851171, 0.9134635559967516], [0.9682699459963621, 0.08607853935025914], [0.9642339457007472, 0.8901173419088633], [0.9658417408228159, 0.04177671616384772], [0.9545002671238985, 0.6337945633469372], [0.9350485533821995, 0.6416324194042974]]","[[336046.6, 48.690587], [339005.6, 47.706807], [339045.2, 37.912989], [334314.2, 48.478257], [334513.4, 47.975568], [338102.2, 38.71251], [337637.8, 47.668423], [337822.8, 37.553062], [336517.8, 43.604007], [334279.6, 43.728289]]","[[1.0, 0.0, 1.0, 0.0, 1.0, 1.0, 0.0, 0.0, 0.0, 1.0, 1.0, 0.0, 1.0, 0.0, 1.0, 1.024], [1.0, 0.0, 1.0, 0.0, 1.0, 1.0, 1.0, 0.0, 1.0, 1.0, 0.0, 0.0, 0.0, 1.0, 1.0, 0.256], [1.0, 0.0, 1.0, 0.0, 1.0, 1.0, 0.0, 0.0, 0.0, 1.0, 1.0, 0.0, 1.0, 0.0, 100.0, 0.512], [1.0, 0.0, 1.0, 0.0, 1.0, 1.0, 1.0, 0.0, 1.0, 0.0, 1.0, 1.0, 0.0, 0.0, 1.0, 2.048], [1.0, 0.0, 1.0, 1.0, 0.0, 1.0, 0.0, 0.0, 0.0, 1.0, 1.0, 1.0, 0.0, 1.0, 1.0, 0.512], [1.0, 0.0, 1.0, 1.0, 0.0, 1.0, 1.0, 1.0, 0.0, 1.0, 1.0, 1.0, 0.0, 0.0, 50.0, 2.048], [1.0, 0.0, 1.0, 0.0, 1.0, 1.0, 1.0, 1.0, 0.0, 1.0, 0.0, 0.0, 0.0, 0.0, 1.0, 4.096], [1.0, 0.0, 1.0, 0.0, 1.0, 1.0, 0.0, 0.0, 0.0, 0.0, 1.0, 1.0, 0.0, 1.0, 100.0, 4.096], [1.0, 0.0, 1.0, 0.0, 1.0, 1.0, 1.0, 0.0, 1.0, 1.0, 0.0, 0.0, 0.0, 0.0, 10.0, 2.048], [1.0, 0.0, 1.0, 0.0, 1.0, 1.0, 0.0, 0.0, 0.0, 0.0, 1.0, 1.0, 0.0, 1.0, 10.0, 2.048]]"
1.1172442443715265,"[[0.9703609487334957, 0.6295858512096681], [0.9643834271931774, 0.9438975574406642], [0.9847946035374511, 0.020771399080076948], [0.972090414837775, 0.0396770709137664], [0.9551503378002808, 0.9324923835393921], [0.9694310347980288, 0.05076154413096246], [0.9609436147103947, 0.9273551287789913], [0.9435707366076086, 0.9168550087537228], [0.9574360141089515, 0.6633497675587926], [0.9563201173863916, 0.8850446379788506]]","[[338342.8, 43.537271], [337655.0, 48.313483], [340003.6, 37.00332], [338541.8, 37.498111], [336592.6, 48.186849], [338235.8, 37.788209], [337259.2, 48.129809], [335260.2, 48.013224], [336855.6, 44.072653], [336727.2, 47.587987]]","[[1.0, 0.0, 1.0, 0.0, 1.0, 1.0, 0.0, 0.0, 0.0, 1.0, 1.0, 1.0, 0.0, 1.0, 10.0, 4.096], [1.0, 0.0, 1.0, 0.0, 1.0, 1.0, 1.0, 1.0, 0.0, 0.0, 1.0, 1.0, 0.0, 1.0, 1.0, 4.096], [1.0, 0.0, 1.0, 1.0, 0.0, 1.0, 1.0, 1.0, 0.0, 1.0, 1.0, 0.0, 1.0, 1.0, 500.0, 2.048], [1.0, 0.0, 1.0, 0.0, 1.0, 1.0, 0.0, 0.0, 0.0, 0.0, 1.0, 1.0, 0.0, 0.0, 500.0, 0.512], [1.0, 0.0, 1.0, 0.0, 1.0, 1.0, 0.0, 0.0, 0.0, 0.0, 1.0, 1.0, 0.0, 1.0, 1.0, 2.048], [1.0, 0.0, 1.0, 0.0, 1.0, 1.0, 0.0, 0.0, 0.0, 1.0, 1.0, 1.0, 0.0, 0.0, 500.0, 2.048], [1.0, 0.0, 1.0, 1.0, 0.0, 1.0, 0.0, 0.0, 0.0, 1.0, 1.0, 1.0, 0.0, 0.0, 1.0, 4.096], [1.0, 0.0, 1.0, 1.0, 0.0, 1.0, 1.0, 0.0, 1.0, 1.0, 0.0, 0.0, 0.0, 0.0, 1.0, 4.096], [1.0, 0.0, 1.0, 0.0, 1.0, 1.0, 0.0, 0.0, 0.0, 1.0, 1.0, 1.0, 0.0, 0.0, 10.0, 2.048], [1.0, 0.0, 1.0, 1.0, 0.0, 1.0, 0.0, 0.0, 0.0, 1.0, 1.0, 1.0, 0.0, 0.0, 1.0, 1.024]]"
1.1127897716764026,"[[0.9631163108212984, 0.6408019151766589], [1.0, 0.017738603636231955], [0.9424635306694918, 0.9436310578467649], [0.9669107073093806, 0.0719321551193367], [0.9597529772416196, 0.9296815738651746], [0.9666343403640737, 0.0338062333852451], [0.9563201173863916, 0.8850446379788506], [0.9315948356443073, 0.9378543481635232], [0.9531810060453578, 0.8972698695858042], [0.9353423018963941, 0.9343483339048824]]","[[337509.2, 43.71512], [341753.2, 36.923947], [335132.8, 48.310524], [337945.8, 38.342277], [337122.2, 48.15564], [337914.0, 37.344462], [336727.2, 47.587987], [333882.2, 48.246384], [336366.0, 47.781838], [334313.4, 48.207456]]","[[1.0, 0.0, 1.0, 1.0, 0.0, 1.0, 0.0, 0.0, 0.0, 1.0, 1.0, 1.0, 0.0, 1.0, 10.0, 0.256], [1.0, 0.0, 1.0, 1.0, 0.0, 1.0, 1.0, 0.0, 1.0, 1.0, 0.0, 0.0, 0.0, 0.0, 500.0, 4.096], [1.0, 0.0, 1.0, 1.0, 0.0, 1.0, 0.0, 0.0, 0.0, 1.0, 1.0, 1.0, 0.0, 0.0, 1.0, 2.048], [1.0, 0.0, 1.0, 0.0, 1.0, 1.0, 0.0, 0.0, 0.0, 1.0, 1.0, 1.0, 0.0, 1.0, 50.0, 0.512], [1.0, 0.0, 1.0, 0.0, 1.0, 1.0, 1.0, 0.0, 1.0, 1.0, 1.0, 0.0, 1.0, 0.0, 1.0, 4.096], [1.0, 0.0, 1.0, 1.0, 0.0, 1.0, 1.0, 0.0, 1.0, 1.0, 1.0, 0.0, 1.0, 0.0, 200.0, 0.256], [1.0, 0.0, 1.0, 1.0, 0.0, 1.0, 0.0, 0.0, 0.0, 1.0, 1.0, 1.0, 0.0, 0.0, 1.0, 1.024], [1.0, 0.0, 1.0, 1.0, 0.0, 1.0, 0.0, 0.0, 0.0, 1.0, 1.0, 1.0, 0.0, 1.0, 1.0, 0.256], [1.0, 0.0, 1.0, 0.0, 1.0, 1.0, 1.0, 1.0, 0.0, 0.0, 1.0, 0.0, 1.0, 1.0, 1.0, 0.256], [1.0, 0.0, 1.0, 1.0, 0.0, 1.0, 1.0, 1.0, 0.0, 0.0, 1.0, 0.0, 1.0, 0.0, 1.0, 4.096]]"
1.1505999416727595,"[[0.9964941375554456, 0.9493443624221639], [0.9846173115348017, 0.08659883687660719], [0.9737016862736214, 0.9486446546340584], [0.9703609487334957, 0.6295858512096681], [0.9269869817323027, 0.9376267562494359], [0.9536468320915354, 0.9374958931504378], [0.9521676605792325, 0.8610658386056683], [0.9462318548042435, 0.9090587923472615], [0.9383858146085476, 0.9270679144481548], [0.9697056635864474, 0.625010730874163]]","[[341349.8, 48.37396], [339983.2, 38.726127], [338727.2, 48.366191], [338342.8, 43.537271], [333352.0, 48.243857], [336419.6, 48.242404], [336249.4, 47.207764], [335566.4, 47.926661], [334663.6, 48.12662], [338267.4, 43.464725]]","[[1.0, 0.0, 1.0, 1.0, 0.0, 1.0, 1.0, 0.0, 1.0, 1.0, 1.0, 1.0, 0.0, 0.0, 1.0, 4.096], [1.0, 0.0, 1.0, 0.0, 1.0, 1.0, 0.0, 0.0, 0.0, 1.0, 1.0, 1.0, 0.0, 1.0, 50.0, 0.256], [1.0, 0.0, 1.0, 0.0, 1.0, 1.0, 1.0, 1.0, 0.0, 1.0, 1.0, 1.0, 0.0, 1.0, 1.0, 4.096], [1.0, 0.0, 1.0, 0.0, 1.0, 1.0, 0.0, 0.0, 0.0, 1.0, 1.0, 1.0, 0.0, 1.0, 10.0, 4.096], [1.0, 0.0, 1.0, 0.0, 1.0, 1.0, 1.0, 0.0, 1.0, 0.0, 1.0, 1.0, 0.0, 1.0, 1.0, 1.024], [1.0, 0.0, 1.0, 1.0, 0.0, 1.0, 0.0, 0.0, 0.0, 0.0, 1.0, 0.0, 1.0, 1.0, 1.0, 2.048], [1.0, 0.0, 1.0, 0.0, 1.0, 1.0, 0.0, 0.0, 0.0, 1.0, 0.0, 0.0, 0.0, 1.0, 1.0, 4.096], [1.0, 0.0, 1.0, 0.0, 1.0, 1.0, 0.0, 0.0, 0.0, 1.0, 1.0, 0.0, 1.0, 1.0, 1.0, 0.512], [1.0, 0.0, 1.0, 0.0, 1.0, 1.0, 1.0, 1.0, 0.0, 0.0, 1.0, 0.0, 1.0, 1.0, 1.0, 2.048], [1.0, 0.0, 1.0, 0.0, 1.0, 1.0, 0.0, 0.0, 0.0, 1.0, 1.0, 1.0, 0.0, 1.0, 10.0, 2.048]]"
1.1251742562900353,"[[0.9511925545646589, 0.9375176886562586], [0.9844973787094798, 0.9371886845952533], [0.9798512853459231, 0.6318549333047733], [0.9744995002855451, 0.9280491625304577], [0.9140342365975388, 0.9324863492464581], [0.9732358602274434, 0.5619437900691416], [0.9126367584590056, 0.9305196200703911], [0.9369570496460177, 0.909780745961556], [0.9537511215048587, 0.47765257426556723], [0.9537806701719673, 0.100636629966318]]","[[336137.2, 48.242646], [339969.4, 48.238993], [339434.8, 43.573251], [338819.0, 48.137515], [331861.6, 48.186782], [338673.6, 43.29881], [331700.8, 48.164945], [334499.2, 47.934677], [336431.6, 42.808501], [336435.0, 39.093518]]","[[1.0, 0.0, 1.0, 0.0, 1.0, 1.0, 0.0, 0.0, 0.0, 1.0, 1.0, 0.0, 1.0, 1.0, 1.0, 0.256], [1.0, 0.0, 1.0, 0.0, 1.0, 1.0, 1.0, 0.0, 1.0, 1.0, 1.0, 1.0, 0.0, 1.0, 1.0, 2.048], [1.0, 0.0, 1.0, 1.0, 0.0, 1.0, 1.0, 1.0, 0.0, 1.0, 1.0, 0.0, 1.0, 0.0, 10.0, 4.096], [1.0, 0.0, 1.0, 0.0, 1.0, 1.0, 1.0, 0.0, 1.0, 0.0, 0.0, 0.0, 0.0, 0.0, 1.0, 0.256], [1.0, 0.0, 1.0, 1.0, 0.0, 1.0, 1.0, 0.0, 1.0, 1.0, 1.0, 0.0, 1.0, 0.0, 1.0, 4.096], [1.0, 0.0, 1.0, 0.0, 1.0, 1.0, 1.0, 0.0, 1.0, 1.0, 1.0, 0.0, 1.0, 1.0, 10.0, 4.096], [1.0, 0.0, 1.0, 1.0, 0.0, 1.0, 1.0, 0.0, 1.0, 1.0, 1.0, 0.0, 1.0, 1.0, 1.0, 1.024], [1.0, 0.0, 1.0, 0.0, 1.0, 1.0, 1.0, 1.0, 0.0, 1.0, 0.0, 0.0, 0.0, 0.0, 1.0, 2.048], [1.0, 0.0, 1.0, 0.0, 1.0, 1.0, 1.0, 1.0, 0.0, 0.0, 1.0, 0.0, 1.0, 1.0, 10.0, 2.048], [1.0, 0.0, 1.0, 0.0, 1.0, 1.0, 0.0, 0.0, 0.0, 1.0, 1.0, 0.0, 1.0, 0.0, 50.0, 1.024]]"
1.1183362175236895,"[[0.9308057124168272, 0.9504395415576211], [0.9524596709365378, 0.9330755484162078], [0.9517418121414954, 0.938159755437235], [0.9703609487334957, 0.6295858512096681], [0.9308648097510437, 0.9144522793971661], [0.9438505798666931, 0.6293962144709252], [0.9696170175851224, 0.5006137499813127], [0.9229231709264685, 0.9424094287519177], [0.9348417127124417, 0.6324332402200625], [0.9598190272033907, 0.053964868168483664]]","[[333791.4, 48.38612], [336283.0, 48.193324], [336200.4, 48.249775], [338342.8, 43.537271], [333798.2, 47.986546], [335292.4, 43.534264], [338257.2, 43.029856], [332884.4, 48.29696], [334255.8, 43.582421], [337129.8, 37.872045]]","[[1.0, 0.0, 1.0, 0.0, 1.0, 1.0, 1.0, 0.0, 1.0, 1.0, 1.0, 1.0, 0.0, 0.0, 1.0, 0.512], [1.0, 0.0, 1.0, 1.0, 0.0, 1.0, 0.0, 0.0, 0.0, 1.0, 1.0, 0.0, 1.0, 0.0, 1.0, 0.256], [1.0, 0.0, 1.0, 1.0, 0.0, 1.0, 1.0, 1.0, 0.0, 1.0, 1.0, 0.0, 1.0, 0.0, 1.0, 4.096], [1.0, 0.0, 1.0, 0.0, 1.0, 1.0, 0.0, 0.0, 0.0, 1.0, 1.0, 1.0, 0.0, 1.0, 10.0, 4.096], [1.0, 0.0, 1.0, 1.0, 0.0, 1.0, 1.0, 0.0, 1.0, 0.0, 1.0, 0.0, 1.0, 1.0, 1.0, 0.512], [1.0, 0.0, 1.0, 1.0, 0.0, 1.0, 1.0, 1.0, 0.0, 1.0, 0.0, 0.0, 0.0, 0.0, 10.0, 1.024], [1.0, 0.0, 1.0, 0.0, 1.0, 1.0, 0.0, 0.0, 0.0, 0.0, 1.0, 0.0, 1.0, 0.0, 10.0, 0.512], [1.0, 0.0, 1.0, 0.0, 1.0, 1.0, 1.0, 0.0, 1.0, 0.0, 1.0, 1.0, 0.0, 1.0, 1.0, 0.512], [1.0, 0.0, 1.0, 0.0, 1.0, 1.0, 1.0, 0.0, 1.0, 1.0, 0.0, 0.0, 0.0, 1.0, 10.0, 2.048], [1.0, 0.0, 1.0, 1.0, 0.0, 1.0, 1.0, 1.0, 0.0, 1.0, 1.0, 1.0, 0.0, 0.0, 200.0, 2.048]]"
1.1528855224159502,"[[0.958480646399074, 0.9699442676653733], [0.9642339457007472, 0.8901173419088633], [0.9609436147103947, 0.9273551287789913], [0.9839637645446417, 0.6386791441004713], [0.9611834803610383, 0.9237185216135727], [0.9527429905093995, 0.9148916119483804], [0.9533252730671217, 0.07575470084386658], [0.950332166904741, 0.9483803165779263], [0.9367901865847001, 0.956584523237975], [0.9521155158725708, 0.0]]","[[336975.8, 48.602685], [337637.8, 47.668423], [337259.2, 48.129809], [339908.0, 43.68146], [337286.8, 48.089431], [336315.6, 47.991424], [336382.6, 38.442319], [336038.2, 48.363256], [334480.0, 48.454349], [336243.4, 35.633338]]","[[1.0, 0.0, 1.0, 0.0, 1.0, 1.0, 0.0, 0.0, 0.0, 1.0, 1.0, 1.0, 0.0, 0.0, 1.0, 2.048], [1.0, 0.0, 1.0, 0.0, 1.0, 1.0, 1.0, 1.0, 0.0, 1.0, 0.0, 0.0, 0.0, 0.0, 1.0, 4.096], [1.0, 0.0, 1.0, 1.0, 0.0, 1.0, 0.0, 0.0, 0.0, 1.0, 1.0, 1.0, 0.0, 0.0, 1.0, 4.096], [1.0, 0.0, 1.0, 0.0, 1.0, 1.0, 0.0, 0.0, 0.0, 1.0, 1.0, 1.0, 0.0, 1.0, 10.0, 0.512], [1.0, 0.0, 1.0, 0.0, 1.0, 1.0, 1.0, 0.0, 1.0, 1.0, 1.0, 1.0, 0.0, 0.0, 1.0, 0.256], [1.0, 0.0, 1.0, 0.0, 1.0, 1.0, 0.0, 0.0, 0.0, 0.0, 1.0, 0.0, 1.0, 0.0, 1.0, 4.096], [1.0, 0.0, 1.0, 0.0, 1.0, 1.0, 1.0, 0.0, 1.0, 1.0, 1.0, 1.0, 0.0, 1.0, 50.0, 4.096], [1.0, 0.0, 1.0, 0.0, 1.0, 1.0, 1.0, 1.0, 0.0, 1.0, 1.0, 1.0, 0.0, 1.0, 1.0, 2.048], [1.0, 0.0, 1.0, 1.0, 0.0, 1.0, 1.0, 0.0, 1.0, 1.0, 1.0, 0.0, 1.0, 1.0, 1.0, 0.512], [1.0, 0.0, 1.0, 0.0, 1.0, 1.0, 1.0, 1.0, 0.0, 1.0, 1.0, 1.0, 0.0, 0.0, 500.0, 4.096]]"
1.0962076176776323,"[[0.9519625580663629, 0.07165406703849939], [0.9451733172590109, 0.9464020592004331], [0.9625392427342423, 0.02959689381043788], [0.9501235880780943, 0.04275120893846673], [0.9587239883634953, 0.010033370576944185], [0.9448048279986019, 0.9209872385163798], [0.9519990593610262, 0.025411702582304203], [0.9407132066825481, 0.9380846419998198], [0.9366198472096054, 0.9443123925638481], [0.9431831276214231, 0.02953564412734072]]","[[336225.8, 38.334999], [335444.6, 48.341291], [337442.8, 37.234297], [336014.2, 37.578566], [337003.8, 36.722289], [335402.2, 48.059105], [336230.0, 37.124764], [334931.4, 48.248941], [334460.4, 48.318089], [335215.6, 37.232694]]","[[1.0, 0.0, 1.0, 1.0, 0.0, 1.0, 1.0, 0.0, 1.0, 1.0, 1.0, 1.0, 0.0, 0.0, 50.0, 4.096], [1.0, 0.0, 1.0, 1.0, 0.0, 1.0, 1.0, 0.0, 1.0, 1.0, 1.0, 0.0, 1.0, 0.0, 1.0, 0.256], [1.0, 0.0, 1.0, 1.0, 0.0, 1.0, 1.0, 0.0, 1.0, 1.0, 1.0, 1.0, 0.0, 0.0, 200.0, 4.096], [1.0, 0.0, 1.0, 0.0, 1.0, 1.0, 1.0, 0.0, 1.0, 1.0, 1.0, 0.0, 1.0, 1.0, 100.0, 0.512], [1.0, 0.0, 1.0, 0.0, 1.0, 1.0, 1.0, 0.0, 1.0, 1.0, 1.0, 0.0, 1.0, 1.0, 500.0, 4.096], [1.0, 0.0, 1.0, 0.0, 1.0, 1.0, 1.0, 0.0, 1.0, 0.0, 1.0, 1.0, 0.0, 0.0, 1.0, 4.096], [1.0, 0.0, 1.0, 1.0, 0.0, 1.0, 1.0, 0.0, 1.0, 1.0, 1.0, 1.0, 0.0, 0.0, 500.0, 4.096], [1.0, 0.0, 1.0, 0.0, 1.0, 1.0, 1.0, 0.0, 1.0, 1.0, 1.0, 0.0, 1.0, 1.0, 1.0, 4.096], [1.0, 0.0, 1.0, 1.0, 0.0, 1.0, 0.0, 0.0, 0.0, 0.0, 1.0, 0.0, 1.0, 0.0, 1.0, 2.048], [1.0, 0.0, 1.0, 0.0, 1.0, 1.0, 0.0, 0.0, 0.0, 1.0, 1.0, 1.0, 0.0, 1.0, 500.0, 4.096]]"
1.1050225561258697,"[[0.9703609487334957, 0.6295858512096681], [0.9267175674145505, 0.8991620116119141], [0.915828014506701, 0.9454372928436063], [0.9545002671238985, 0.6337945633469372], [0.9470887661503837, 0.6435689592568378], [0.9652212188135421, 0.053586442178841905], [0.9519625580663629, 0.07165406703849939], [0.9372229876499921, 0.0997486432943394], [0.9342715972529407, 0.5158293993222538], [0.9267384252972154, 0.6269521898040633]]","[[338342.8, 43.537271], [333321.0, 47.811841], [332068.0, 48.330579], [336517.8, 43.604007], [335665.0, 43.758996], [337751.4, 37.862141], [336225.8, 38.334999], [334529.8, 39.070278], [334190.2, 43.176541], [333323.4, 43.49551]]","[[1.0, 0.0, 1.0, 0.0, 1.0, 1.0, 0.0, 0.0, 0.0, 1.0, 1.0, 1.0, 0.0, 1.0, 10.0, 4.096], [1.0, 0.0, 1.0, 1.0, 0.0, 1.0, 1.0, 0.0, 1.0, 1.0, 1.0, 1.0, 0.0, 0.0, 1.0, 1.024], [1.0, 0.0, 1.0, 1.0, 0.0, 1.0, 1.0, 1.0, 0.0, 1.0, 1.0, 1.0, 0.0, 0.0, 1.0, 2.048], [1.0, 0.0, 1.0, 0.0, 1.0, 1.0, 1.0, 0.0, 1.0, 1.0, 0.0, 0.0, 0.0, 0.0, 10.0, 2.048], [1.0, 0.0, 1.0, 1.0, 0.0, 1.0, 1.0, 0.0, 1.0, 1.0, 1.0, 1.0, 0.0, 0.0, 10.0, 1.024], [1.0, 0.0, 1.0, 1.0, 0.0, 1.0, 0.0, 0.0, 0.0, 1.0, 1.0, 1.0, 0.0, 1.0, 100.0, 1.024], [1.0, 0.0, 1.0, 1.0, 0.0, 1.0, 1.0, 0.0, 1.0, 1.0, 1.0, 1.0, 0.0, 0.0, 50.0, 4.096], [1.0, 0.0, 1.0, 1.0, 0.0, 1.0, 1.0, 0.0, 1.0, 1.0, 1.0, 0.0, 1.0, 0.0, 50.0, 0.512], [1.0, 0.0, 1.0, 0.0, 1.0, 1.0, 1.0, 0.0, 1.0, 0.0, 1.0, 0.0, 1.0, 0.0, 10.0, 4.096], [1.0, 0.0, 1.0, 0.0, 1.0, 1.0, 0.0, 0.0, 0.0, 0.0, 1.0, 1.0, 0.0, 0.0, 10.0, 0.256]]"
1.0975048924173527,"[[0.9245118463227612, 0.9454444979694971], [0.9708007024263429, 0.09060486418456415], [0.9765922411795674, 0.03136476675962498], [0.9448048279986019, 0.9209872385163798], [0.9587239883634953, 0.010033370576944185], [0.9524996485449783, 0.042740472094455244], [0.9515992832766199, 0.06864167541921713], [0.9515784253939551, 0.075594565209518], [0.9387004210054066, 0.09333851816305111], [0.9373429204753139, 0.9185832482627921]]","[[333067.2, 48.330659], [338393.4, 38.830971], [339059.8, 37.280565], [335402.2, 48.059105], [337003.8, 36.722289], [336287.6, 37.578285], [336184.0, 38.25616], [336181.6, 38.438128], [334699.8, 38.902515], [334543.6, 48.032413]]","[[1.0, 0.0, 1.0, 0.0, 1.0, 1.0, 0.0, 0.0, 0.0, 1.0, 1.0, 0.0, 1.0, 0.0, 1.0, 0.512], [1.0, 0.0, 1.0, 1.0, 0.0, 1.0, 0.0, 0.0, 0.0, 1.0, 1.0, 1.0, 0.0, 0.0, 50.0, 4.096], [1.0, 0.0, 1.0, 0.0, 1.0, 1.0, 0.0, 0.0, 0.0, 1.0, 1.0, 0.0, 1.0, 0.0, 500.0, 0.512], [1.0, 0.0, 1.0, 0.0, 1.0, 1.0, 1.0, 0.0, 1.0, 0.0, 1.0, 1.0, 0.0, 0.0, 1.0, 4.096], [1.0, 0.0, 1.0, 0.0, 1.0, 1.0, 1.0, 0.0, 1.0, 1.0, 1.0, 0.0, 1.0, 1.0, 500.0, 4.096], [1.0, 0.0, 1.0, 0.0, 1.0, 1.0, 0.0, 0.0, 0.0, 1.0, 1.0, 0.0, 1.0, 1.0, 200.0, 1.024], [1.0, 0.0, 1.0, 0.0, 1.0, 1.0, 1.0, 1.0, 0.0, 1.0, 1.0, 1.0, 0.0, 1.0, 50.0, 2.048], [1.0, 0.0, 1.0, 0.0, 1.0, 1.0, 1.0, 1.0, 0.0, 1.0, 1.0, 0.0, 1.0, 0.0, 50.0, 1.024], [1.0, 0.0, 1.0, 0.0, 1.0, 1.0, 1.0, 0.0, 1.0, 1.0, 0.0, 0.0, 0.0, 0.0, 50.0, 2.048], [1.0, 0.0, 1.0, 0.0, 1.0, 1.0, 1.0, 0.0, 1.0, 0.0, 1.0, 0.0, 1.0, 1.0, 1.0, 0.512]]"
1.1025532262217936,"[[0.9599076732047158, 0.6328892639173864], [0.9220488780114405, 0.9445583575489576], [0.937989514837919, 0.9387892132479017], [0.9766513385137839, 0.03981313462026011], [0.952070323793464, 0.03753031346202608], [0.9765922411795674, 0.03136476675962498], [0.946379598139785, 0.6308955870893554], [0.9353423018963941, 0.9343483339048824], [0.9288711437996782, 0.937230654453569], [0.9547262275194325, 0.03493383126290253]]","[[337140.0, 43.589652], [332783.8, 48.32082], [334618.0, 48.256764], [339066.6, 37.501672], [336238.2, 37.441927], [339059.8, 37.280565], [335583.4, 43.558039], [334313.4, 48.207456], [333568.8, 48.239459], [336543.8, 37.373973]]","[[1.0, 0.0, 1.0, 0.0, 1.0, 1.0, 0.0, 0.0, 0.0, 0.0, 1.0, 1.0, 0.0, 0.0, 10.0, 1.024], [1.0, 0.0, 1.0, 0.0, 1.0, 1.0, 0.0, 0.0, 0.0, 1.0, 1.0, 1.0, 0.0, 0.0, 1.0, 0.512], [1.0, 0.0, 1.0, 0.0, 1.0, 1.0, 0.0, 0.0, 0.0, 1.0, 1.0, 0.0, 1.0, 1.0, 1.0, 4.096], [1.0, 0.0, 1.0, 1.0, 0.0, 1.0, 0.0, 0.0, 0.0, 1.0, 1.0, 1.0, 0.0, 0.0, 500.0, 1.024], [1.0, 0.0, 1.0, 1.0, 0.0, 1.0, 1.0, 1.0, 0.0, 1.0, 0.0, 0.0, 0.0, 0.0, 200.0, 0.512], [1.0, 0.0, 1.0, 0.0, 1.0, 1.0, 0.0, 0.0, 0.0, 1.0, 1.0, 0.0, 1.0, 0.0, 500.0, 0.512], [1.0, 0.0, 1.0, 0.0, 1.0, 1.0, 1.0, 0.0, 1.0, 1.0, 1.0, 1.0, 0.0, 1.0, 10.0, 1.024], [1.0, 0.0, 1.0, 1.0, 0.0, 1.0, 1.0, 1.0, 0.0, 0.0, 1.0, 0.0, 1.0, 0.0, 1.0, 4.096], [1.0, 0.0, 1.0, 0.0, 1.0, 1.0, 0.0, 0.0, 0.0, 1.0, 1.0, 1.0, 0.0, 1.0, 1.0, 4.096], [1.0, 0.0, 1.0, 0.0, 1.0, 1.0, 0.0, 0.0, 0.0, 0.0, 1.0, 0.0, 1.0, 1.0, 200.0, 0.256]]"
1.1459510010242528,"[[0.9671123335084725, 0.9350598400866349], [0.9847946035374511, 0.020771399080076948], [0.9694310347980288, 0.05076154413096246], [0.9681343697590414, 0.06894215421390033], [0.9600901796780317, 0.9355838328670697], [0.9307865926910511, 0.972937817345005], [0.972090414837775, 0.0396770709137664], [0.940951334176303, 0.9446843571879793], [0.9622402797493822, 0.6228227504904061], [0.9472208660739269, 0.6492070417577958]]","[[337969.0, 48.215356], [340003.6, 37.00332], [338235.8, 37.788209], [338086.6, 38.264024], [337161.0, 48.221174], [333789.2, 48.635923], [338541.8, 37.498111], [334958.8, 48.322219], [337408.4, 43.430031], [335680.2, 43.848397]]","[[1.0, 0.0, 1.0, 1.0, 0.0, 1.0, 1.0, 1.0, 0.0, 1.0, 1.0, 0.0, 1.0, 1.0, 1.0, 2.048], [1.0, 0.0, 1.0, 1.0, 0.0, 1.0, 1.0, 1.0, 0.0, 1.0, 1.0, 0.0, 1.0, 1.0, 500.0, 2.048], [1.0, 0.0, 1.0, 0.0, 1.0, 1.0, 0.0, 0.0, 0.0, 1.0, 1.0, 1.0, 0.0, 0.0, 500.0, 2.048], [1.0, 0.0, 1.0, 0.0, 1.0, 1.0, 1.0, 1.0, 0.0, 1.0, 1.0, 1.0, 0.0, 1.0, 50.0, 4.096], [1.0, 0.0, 1.0, 1.0, 0.0, 1.0, 0.0, 0.0, 0.0, 0.0, 1.0, 1.0, 0.0, 0.0, 1.0, 0.256], [1.0, 0.0, 1.0, 0.0, 1.0, 1.0, 0.0, 0.0, 0.0, 1.0, 1.0, 1.0, 0.0, 1.0, 1.0, 2.048], [1.0, 0.0, 1.0, 0.0, 1.0, 1.0, 0.0, 0.0, 0.0, 0.0, 1.0, 1.0, 0.0, 0.0, 500.0, 0.512], [1.0, 0.0, 1.0, 0.0, 1.0, 1.0, 0.0, 0.0, 0.0, 1.0, 1.0, 1.0, 0.0, 1.0, 1.0, 1.024], [1.0, 0.0, 1.0, 1.0, 0.0, 1.0, 1.0, 0.0, 1.0, 1.0, 1.0, 0.0, 1.0, 1.0, 10.0, 2.048], [1.0, 0.0, 1.0, 0.0, 1.0, 1.0, 0.0, 0.0, 0.0, 1.0, 1.0, 1.0, 0.0, 0.0, 10.0, 4.096]]"
1.1403371724442044,"[[0.9763037071360394, 0.9594938630087537], [0.9612043382437032, 0.6386129257513925], [0.9367901865847001, 0.956584523237975], [0.9517418121414954, 0.938159755437235], [0.9652785779908697, 0.027546920792437993], [0.9551503378002808, 0.9324923835393921], [0.9588734698559256, 0.02138336097932002], [0.9536694281310891, 0.09684583626091058], [0.9418916770531021, 0.8801847156772115], [0.9310334109692495, 0.9112459983755982]]","[[339026.6, 48.486652], [337289.2, 43.68041], [334480.0, 48.454349], [336200.4, 48.249775], [337758.0, 37.180646], [336592.6, 48.186849], [337021.0, 37.019336], [336422.2, 38.994307], [335067.0, 47.510925], [333817.6, 47.950946]]","[[1.0, 0.0, 1.0, 0.0, 1.0, 1.0, 0.0, 0.0, 0.0, 1.0, 1.0, 1.0, 0.0, 1.0, 1.0, 0.256], [1.0, 0.0, 1.0, 0.0, 1.0, 1.0, 0.0, 0.0, 0.0, 1.0, 1.0, 0.0, 1.0, 0.0, 10.0, 2.048], [1.0, 0.0, 1.0, 1.0, 0.0, 1.0, 1.0, 0.0, 1.0, 1.0, 1.0, 0.0, 1.0, 1.0, 1.0, 0.512], [1.0, 0.0, 1.0, 1.0, 0.0, 1.0, 1.0, 1.0, 0.0, 1.0, 1.0, 0.0, 1.0, 0.0, 1.0, 4.096], [1.0, 0.0, 1.0, 0.0, 1.0, 1.0, 1.0, 0.0, 1.0, 0.0, 1.0, 1.0, 0.0, 0.0, 500.0, 0.512], [1.0, 0.0, 1.0, 0.0, 1.0, 1.0, 0.0, 0.0, 0.0, 0.0, 1.0, 1.0, 0.0, 1.0, 1.0, 2.048], [1.0, 0.0, 1.0, 1.0, 0.0, 1.0, 1.0, 0.0, 1.0, 1.0, 1.0, 0.0, 1.0, 1.0, 500.0, 1.024], [1.0, 0.0, 1.0, 0.0, 1.0, 1.0, 0.0, 0.0, 0.0, 1.0, 1.0, 1.0, 0.0, 0.0, 50.0, 4.096], [1.0, 0.0, 1.0, 1.0, 0.0, 1.0, 1.0, 1.0, 0.0, 1.0, 1.0, 0.0, 1.0, 0.0, 1.0, 0.256], [1.0, 0.0, 1.0, 1.0, 0.0, 1.0, 1.0, 1.0, 0.0, 0.0, 1.0, 1.0, 0.0, 0.0, 1.0, 1.024]]"
1.1228398339449472,"[[0.9798512853459231, 0.6318549333047733], [0.9517418121414954, 0.938159755437235], [0.9618491944494195, 0.9215886864001448], [0.9245118463227612, 0.9454444979694971], [0.9438505798666931, 0.6293962144709252], [0.9670254256640363, 0.08033929502734435], [0.9229231709264685, 0.9424094287519177], [0.9410695288447364, 0.9312565243209099], [0.9521172540294591, 0.010629475571330352], [0.9485436034662451, 0.017252045018289763]]","[[339434.8, 43.573251], [336200.4, 48.249775], [337363.4, 48.065783], [333067.2, 48.330659], [335292.4, 43.534264], [337959.0, 38.562305], [332884.4, 48.29696], [334972.4, 48.173127], [336243.6, 36.73789], [335832.4, 36.911213]]","[[1.0, 0.0, 1.0, 1.0, 0.0, 1.0, 1.0, 1.0, 0.0, 1.0, 1.0, 0.0, 1.0, 0.0, 10.0, 4.096], [1.0, 0.0, 1.0, 1.0, 0.0, 1.0, 1.0, 1.0, 0.0, 1.0, 1.0, 0.0, 1.0, 0.0, 1.0, 4.096], [1.0, 0.0, 1.0, 1.0, 0.0, 1.0, 0.0, 0.0, 0.0, 1.0, 0.0, 0.0, 0.0, 0.0, 1.0, 0.512], [1.0, 0.0, 1.0, 0.0, 1.0, 1.0, 0.0, 0.0, 0.0, 1.0, 1.0, 0.0, 1.0, 0.0, 1.0, 0.512], [1.0, 0.0, 1.0, 1.0, 0.0, 1.0, 1.0, 1.0, 0.0, 1.0, 0.0, 0.0, 0.0, 0.0, 10.0, 1.024], [1.0, 0.0, 1.0, 0.0, 1.0, 1.0, 1.0, 0.0, 1.0, 1.0, 1.0, 1.0, 0.0, 0.0, 50.0, 0.512], [1.0, 0.0, 1.0, 0.0, 1.0, 1.0, 1.0, 0.0, 1.0, 0.0, 1.0, 1.0, 0.0, 1.0, 1.0, 0.512], [1.0, 0.0, 1.0, 1.0, 0.0, 1.0, 0.0, 0.0, 0.0, 1.0, 1.0, 0.0, 1.0, 0.0, 1.0, 0.512], [1.0, 0.0, 1.0, 1.0, 0.0, 1.0, 0.0, 0.0, 0.0, 1.0, 0.0, 0.0, 0.0, 0.0, 100.0, 4.096], [1.0, 0.0, 1.0, 1.0, 0.0, 1.0, 0.0, 0.0, 0.0, 0.0, 1.0, 1.0, 0.0, 1.0, 200.0, 0.256]]"
1.181703941687939,"[[0.9641609431114211, 0.9906350475588848], [0.9844973787094798, 0.9371886845952533], [0.9255721220248821, 0.9489732083746955], [0.9600901796780317, 0.9355838328670697], [0.9652212188135421, 0.053586442178841905], [0.9687809641216465, 0.023983090978233455], [0.9607576319233012, 0.041884008185143644], [0.9586614147155011, 0.06954869037702385], [0.9514011333913056, 0.5152485107766678], [0.9510795743668918, 0.5198757029626497]]","[[337629.4, 48.832419], [339969.4, 48.238993], [333189.2, 48.369839], [337161.0, 48.221174], [337751.4, 37.862141], [338161.0, 37.087375], [337237.8, 37.55587], [336996.6, 38.279898], [336161.2, 43.170941], [336124.2, 43.215549]]","[[1.0, 0.0, 1.0, 1.0, 0.0, 1.0, 0.0, 0.0, 0.0, 1.0, 1.0, 0.0, 1.0, 0.0, 1.0, 2.048], [1.0, 0.0, 1.0, 0.0, 1.0, 1.0, 1.0, 0.0, 1.0, 1.0, 1.0, 1.0, 0.0, 1.0, 1.0, 2.048], [1.0, 0.0, 1.0, 0.0, 1.0, 1.0, 0.0, 0.0, 0.0, 0.0, 1.0, 0.0, 1.0, 1.0, 1.0, 4.096], [1.0, 0.0, 1.0, 1.0, 0.0, 1.0, 0.0, 0.0, 0.0, 0.0, 1.0, 1.0, 0.0, 0.0, 1.0, 0.256], [1.0, 0.0, 1.0, 1.0, 0.0, 1.0, 0.0, 0.0, 0.0, 1.0, 1.0, 1.0, 0.0, 1.0, 100.0, 1.024], [1.0, 0.0, 1.0, 1.0, 0.0, 1.0, 0.0, 0.0, 0.0, 1.0, 1.0, 0.0, 1.0, 0.0, 500.0, 4.096], [1.0, 0.0, 1.0, 0.0, 1.0, 1.0, 0.0, 0.0, 0.0, 0.0, 1.0, 1.0, 0.0, 0.0, 500.0, 4.096], [1.0, 0.0, 1.0, 1.0, 0.0, 1.0, 0.0, 0.0, 0.0, 1.0, 1.0, 0.0, 1.0, 1.0, 50.0, 2.048], [1.0, 0.0, 1.0, 1.0, 0.0, 1.0, 1.0, 0.0, 1.0, 1.0, 1.0, 1.0, 0.0, 0.0, 10.0, 4.096], [1.0, 0.0, 1.0, 0.0, 1.0, 1.0, 0.0, 0.0, 0.0, 1.0, 1.0, 0.0, 1.0, 1.0, 10.0, 0.256]]"
1.1110276950996116,"[[0.9468923544219583, 0.8695129665396497], [0.9798512853459231, 0.6318549333047733], [0.937989514837919, 0.9387892132479017], [0.9383858146085476, 0.9270679144481548], [0.9703609487334957, 0.6295858512096681], [0.972090414837775, 0.0396770709137664], [0.9277604615477844, 0.9243802223626028], [0.9580217729804513, 0.04707487106587975], [0.9515992832766199, 0.06864167541921713], [0.9430336461289933, 0.6072676241357645]]","[[335642.4, 47.341707], [339434.8, 43.573251], [334618.0, 48.256764], [334663.6, 48.12662], [338342.8, 43.537271], [338541.8, 37.498111], [333441.0, 48.096778], [336923.0, 37.691723], [336184.0, 38.25616], [335198.4, 43.37187]]","[[1.0, 0.0, 1.0, 0.0, 1.0, 1.0, 0.0, 0.0, 0.0, 1.0, 1.0, 0.0, 1.0, 0.0, 1.0, 2.048], [1.0, 0.0, 1.0, 1.0, 0.0, 1.0, 1.0, 1.0, 0.0, 1.0, 1.0, 0.0, 1.0, 0.0, 10.0, 4.096], [1.0, 0.0, 1.0, 0.0, 1.0, 1.0, 0.0, 0.0, 0.0, 1.0, 1.0, 0.0, 1.0, 1.0, 1.0, 4.096], [1.0, 0.0, 1.0, 0.0, 1.0, 1.0, 1.0, 1.0, 0.0, 0.0, 1.0, 0.0, 1.0, 1.0, 1.0, 2.048], [1.0, 0.0, 1.0, 0.0, 1.0, 1.0, 0.0, 0.0, 0.0, 1.0, 1.0, 1.0, 0.0, 1.0, 10.0, 4.096], [1.0, 0.0, 1.0, 0.0, 1.0, 1.0, 0.0, 0.0, 0.0, 0.0, 1.0, 1.0, 0.0, 0.0, 500.0, 0.512], [1.0, 0.0, 1.0, 0.0, 1.0, 1.0, 1.0, 0.0, 1.0, 1.0, 1.0, 0.0, 1.0, 1.0, 1.0, 0.256], [1.0, 0.0, 1.0, 0.0, 1.0, 1.0, 0.0, 0.0, 0.0, 1.0, 1.0, 0.0, 1.0, 0.0, 100.0, 2.048], [1.0, 0.0, 1.0, 0.0, 1.0, 1.0, 1.0, 1.0, 0.0, 1.0, 1.0, 1.0, 0.0, 1.0, 50.0, 2.048], [1.0, 0.0, 1.0, 0.0, 1.0, 1.0, 1.0, 1.0, 0.0, 0.0, 1.0, 0.0, 1.0, 0.0, 10.0, 1.024]]"
1.1046376872048422,"[[0.965064784693557, 0.9057342571970037], [0.9536468320915354, 0.9374958931504378], [0.9623445691627056, 0.6666078995287593], [0.9524596709365378, 0.9330755484162078], [0.9379147740917042, 0.6227471985073616], [0.9514011333913056, 0.5152485107766678], [0.9348921192622145, 0.9205653783954516], [0.9501235880780943, 0.04275120893846673], [0.9455574499314188, 0.08772039766759629], [0.94065584750522, 0.48921962115964446]]","[[337733.4, 47.889748], [336419.6, 48.242404], [337420.4, 44.124316], [336283.0, 48.193324], [334609.4, 43.428833], [336161.2, 43.170941], [334261.6, 48.054421], [336014.2, 37.578566], [335488.8, 38.75548], [334924.8, 42.920012]]","[[1.0, 0.0, 1.0, 1.0, 0.0, 1.0, 0.0, 0.0, 0.0, 1.0, 1.0, 0.0, 1.0, 1.0, 1.0, 2.048], [1.0, 0.0, 1.0, 1.0, 0.0, 1.0, 0.0, 0.0, 0.0, 0.0, 1.0, 0.0, 1.0, 1.0, 1.0, 2.048], [1.0, 0.0, 1.0, 1.0, 0.0, 1.0, 0.0, 0.0, 0.0, 0.0, 1.0, 0.0, 1.0, 0.0, 10.0, 4.096], [1.0, 0.0, 1.0, 1.0, 0.0, 1.0, 0.0, 0.0, 0.0, 1.0, 1.0, 0.0, 1.0, 0.0, 1.0, 0.256], [1.0, 0.0, 1.0, 1.0, 0.0, 1.0, 1.0, 0.0, 1.0, 1.0, 1.0, 0.0, 1.0, 0.0, 10.0, 0.256], [1.0, 0.0, 1.0, 1.0, 0.0, 1.0, 1.0, 0.0, 1.0, 1.0, 1.0, 1.0, 0.0, 0.0, 10.0, 4.096], [1.0, 0.0, 1.0, 0.0, 1.0, 1.0, 0.0, 0.0, 0.0, 0.0, 1.0, 1.0, 0.0, 1.0, 1.0, 4.096], [1.0, 0.0, 1.0, 0.0, 1.0, 1.0, 1.0, 0.0, 1.0, 1.0, 1.0, 0.0, 1.0, 1.0, 100.0, 0.512], [1.0, 0.0, 1.0, 1.0, 0.0, 1.0, 0.0, 0.0, 0.0, 1.0, 1.0, 0.0, 1.0, 0.0, 50.0, 0.256], [1.0, 0.0, 1.0, 1.0, 0.0, 1.0, 0.0, 0.0, 0.0, 1.0, 1.0, 0.0, 1.0, 1.0, 10.0, 1.024]]"
1.126081148282084,"[[0.937601905851734, 0.9557219796047289], [0.9551503378002808, 0.9324923835393921], [0.9598972442633833, 0.9171852737117591], [0.9676233516337569, 0.8840399479605874], [0.965064784693557, 0.9057342571970037], [0.9648683729651311, 0.4965225312087311], [0.9575663758756057, 0.5105162400019939], [0.9547470854020973, 0.632598975288043], [0.9472208660739269, 0.6492070417577958], [0.9308648097510437, 0.9144522793971661]]","[[334573.4, 48.444772], [336592.6, 48.186849], [337138.8, 48.016891], [338027.8, 47.572056], [337733.4, 47.889748], [337710.8, 42.990415], [336870.6, 43.12532], [336546.2, 43.585049], [335680.2, 43.848397], [333798.2, 47.986546]]","[[1.0, 0.0, 1.0, 1.0, 0.0, 1.0, 1.0, 1.0, 0.0, 1.0, 1.0, 0.0, 1.0, 0.0, 1.0, 0.512], [1.0, 0.0, 1.0, 0.0, 1.0, 1.0, 0.0, 0.0, 0.0, 0.0, 1.0, 1.0, 0.0, 1.0, 1.0, 2.048], [1.0, 0.0, 1.0, 0.0, 1.0, 1.0, 0.0, 0.0, 0.0, 0.0, 1.0, 0.0, 1.0, 0.0, 1.0, 1.024], [1.0, 0.0, 1.0, 0.0, 1.0, 1.0, 1.0, 0.0, 1.0, 0.0, 0.0, 0.0, 0.0, 0.0, 1.0, 4.096], [1.0, 0.0, 1.0, 1.0, 0.0, 1.0, 0.0, 0.0, 0.0, 1.0, 1.0, 0.0, 1.0, 1.0, 1.0, 2.048], [1.0, 0.0, 1.0, 0.0, 1.0, 1.0, 1.0, 1.0, 0.0, 1.0, 1.0, 1.0, 0.0, 1.0, 10.0, 2.048], [1.0, 0.0, 1.0, 0.0, 1.0, 1.0, 1.0, 1.0, 0.0, 0.0, 0.0, 0.0, 0.0, 0.0, 10.0, 1.024], [1.0, 0.0, 1.0, 0.0, 1.0, 1.0, 0.0, 0.0, 0.0, 1.0, 1.0, 0.0, 1.0, 0.0, 10.0, 1.024], [1.0, 0.0, 1.0, 0.0, 1.0, 1.0, 0.0, 0.0, 0.0, 1.0, 1.0, 1.0, 0.0, 0.0, 10.0, 4.096], [1.0, 0.0, 1.0, 1.0, 0.0, 1.0, 1.0, 0.0, 1.0, 0.0, 1.0, 0.0, 1.0, 1.0, 1.0, 0.512]]"
1.1411463989480994,"[[0.9763037071360394, 0.9594938630087537], [0.9820448393394917, 0.04095242457716139], [0.9118893509968548, 0.9052759211262522], [0.9418673428566601, 0.8989438694505199], [0.9253600668844578, 0.9046980700297806], [0.9064489199351518, 0.9125911953794785], [0.9703609487334957, 0.6295858512096681], [0.9633944159234942, 0.03243184093296163], [0.960646389882423, 0.0459505974068306], [0.9597164759469562, 0.09622535366339514]]","[[339026.6, 48.486652], [339687.2, 37.531489], [331614.8, 47.884659], [335064.2, 47.808382], [333164.8, 47.878243], [330988.8, 47.965882], [338342.8, 43.537271], [337541.2, 37.308492], [337225.0, 37.662299], [337118.0, 38.978068]]","[[1.0, 0.0, 1.0, 0.0, 1.0, 1.0, 0.0, 0.0, 0.0, 1.0, 1.0, 1.0, 0.0, 1.0, 1.0, 0.256], [1.0, 0.0, 1.0, 0.0, 1.0, 1.0, 0.0, 0.0, 0.0, 1.0, 1.0, 1.0, 0.0, 0.0, 500.0, 0.256], [1.0, 0.0, 1.0, 0.0, 1.0, 1.0, 1.0, 1.0, 0.0, 0.0, 1.0, 0.0, 1.0, 1.0, 1.0, 4.096], [1.0, 0.0, 1.0, 0.0, 1.0, 1.0, 1.0, 1.0, 0.0, 1.0, 0.0, 0.0, 0.0, 0.0, 1.0, 0.512], [1.0, 0.0, 1.0, 1.0, 0.0, 1.0, 1.0, 0.0, 1.0, 0.0, 1.0, 1.0, 0.0, 0.0, 1.0, 2.048], [1.0, 0.0, 1.0, 1.0, 0.0, 1.0, 0.0, 0.0, 0.0, 1.0, 1.0, 0.0, 1.0, 0.0, 1.0, 1.024], [1.0, 0.0, 1.0, 0.0, 1.0, 1.0, 0.0, 0.0, 0.0, 1.0, 1.0, 1.0, 0.0, 1.0, 10.0, 4.096], [1.0, 0.0, 1.0, 1.0, 0.0, 1.0, 0.0, 0.0, 0.0, 1.0, 1.0, 1.0, 0.0, 0.0, 500.0, 4.096], [1.0, 0.0, 1.0, 0.0, 1.0, 1.0, 1.0, 0.0, 1.0, 1.0, 1.0, 0.0, 1.0, 1.0, 100.0, 2.048], [1.0, 0.0, 1.0, 0.0, 1.0, 1.0, 0.0, 0.0, 0.0, 1.0, 1.0, 1.0, 0.0, 0.0, 50.0, 1.024]]"
1.1507703002616774,"[[0.95046948129895, 0.9745641943867884], [0.9659373394516957, 0.6441305539221214], [0.983171165003384, 0.5071375432686321], [0.9734235811714257, 0.050460645032777016], [0.9727769868088205, 0.076685749520119], [0.9455574499314188, 0.08772039766759629], [0.9417508863451154, 0.49280764522961196], [0.9413980404967048, 0.6323103263511534], [0.9245066318520947, 0.9028393276780075], [0.9218072742039081, 0.9299188926992152]]","[[336054.0, 48.653981], [337833.8, 43.767901], [339816.8, 43.092748], [338695.2, 37.780334], [338620.8, 38.466686], [335488.8, 38.75548], [335050.8, 42.954602], [335010.2, 43.580472], [333066.6, 47.857605], [332756.0, 48.158275]]","[[1.0, 0.0, 1.0, 0.0, 1.0, 1.0, 0.0, 0.0, 0.0, 1.0, 1.0, 0.0, 1.0, 1.0, 1.0, 1.024], [1.0, 0.0, 1.0, 1.0, 0.0, 1.0, 1.0, 1.0, 0.0, 1.0, 1.0, 1.0, 0.0, 0.0, 10.0, 0.256], [1.0, 0.0, 1.0, 0.0, 1.0, 1.0, 1.0, 0.0, 1.0, 1.0, 1.0, 1.0, 0.0, 1.0, 10.0, 4.096], [1.0, 0.0, 1.0, 0.0, 1.0, 1.0, 0.0, 0.0, 0.0, 1.0, 1.0, 0.0, 1.0, 1.0, 200.0, 2.048], [1.0, 0.0, 1.0, 0.0, 1.0, 1.0, 0.0, 0.0, 0.0, 0.0, 1.0, 1.0, 0.0, 1.0, 50.0, 2.048], [1.0, 0.0, 1.0, 1.0, 0.0, 1.0, 0.0, 0.0, 0.0, 1.0, 1.0, 0.0, 1.0, 0.0, 50.0, 0.256], [1.0, 0.0, 1.0, 0.0, 1.0, 1.0, 1.0, 1.0, 0.0, 0.0, 1.0, 1.0, 0.0, 1.0, 10.0, 4.096], [1.0, 0.0, 1.0, 0.0, 1.0, 1.0, 0.0, 0.0, 0.0, 1.0, 1.0, 0.0, 1.0, 1.0, 10.0, 0.512], [1.0, 0.0, 1.0, 1.0, 0.0, 1.0, 1.0, 1.0, 0.0, 1.0, 0.0, 0.0, 0.0, 0.0, 1.0, 4.096], [1.0, 0.0, 1.0, 1.0, 0.0, 1.0, 1.0, 1.0, 0.0, 1.0, 1.0, 0.0, 1.0, 1.0, 1.0, 4.096]]"
1.1420993201692156,"[[0.9472156516032604, 0.9597065042866169], [0.9737016862736214, 0.9486446546340584], [0.9390654339520385, 0.9606079555996749], [0.9972676173709273, 0.05475633787258704], [0.9196032912690076, 0.9468899362873388], [0.9424635306694918, 0.9436310578467649], [0.9245118463227612, 0.9454444979694971], [0.9659373394516957, 0.6441305539221214], [0.9611834803610383, 0.9237185216135727], [0.9607889187472984, 0.03210327822244756]]","[[335679.6, 48.489013], [338727.2, 48.366191], [334741.8, 48.499022], [341438.8, 37.892759], [332502.4, 48.346708], [335132.8, 48.310524], [333067.2, 48.330659], [337833.8, 43.767901], [337286.8, 48.089431], [337241.4, 37.299893]]","[[1.0, 0.0, 1.0, 0.0, 1.0, 1.0, 1.0, 0.0, 1.0, 1.0, 1.0, 0.0, 1.0, 1.0, 1.0, 2.048], [1.0, 0.0, 1.0, 0.0, 1.0, 1.0, 1.0, 1.0, 0.0, 1.0, 1.0, 1.0, 0.0, 1.0, 1.0, 4.096], [1.0, 0.0, 1.0, 0.0, 1.0, 1.0, 0.0, 0.0, 0.0, 0.0, 1.0, 0.0, 1.0, 1.0, 1.0, 2.048], [1.0, 0.0, 1.0, 0.0, 1.0, 1.0, 0.0, 0.0, 0.0, 1.0, 1.0, 1.0, 0.0, 0.0, 100.0, 0.256], [1.0, 0.0, 1.0, 1.0, 0.0, 1.0, 1.0, 0.0, 1.0, 1.0, 1.0, 0.0, 1.0, 0.0, 1.0, 0.512], [1.0, 0.0, 1.0, 1.0, 0.0, 1.0, 0.0, 0.0, 0.0, 1.0, 1.0, 1.0, 0.0, 0.0, 1.0, 2.048], [1.0, 0.0, 1.0, 0.0, 1.0, 1.0, 0.0, 0.0, 0.0, 1.0, 1.0, 0.0, 1.0, 0.0, 1.0, 0.512], [1.0, 0.0, 1.0, 1.0, 0.0, 1.0, 1.0, 1.0, 0.0, 1.0, 1.0, 1.0, 0.0, 0.0, 10.0, 0.256], [1.0, 0.0, 1.0, 0.0, 1.0, 1.0, 1.0, 0.0, 1.0, 1.0, 1.0, 1.0, 0.0, 0.0, 1.0, 0.256], [1.0, 0.0, 1.0, 0.0, 1.0, 1.0, 0.0, 0.0, 0.0, 0.0, 1.0, 0.0, 1.0, 1.0, 200.0, 2.048]]"
1.1407198208661606,"[[0.9623445691627056, 0.6666078995287593], [0.9885003540242087, 0.6367987321819125], [0.9242858859272272, 0.9561169105676384], [0.9562975213468379, 0.9535237857594078], [0.9611886948317048, 0.9368686869416116], [0.9598972442633833, 0.9171852737117591], [0.9622402797493822, 0.6228227504904061], [0.9647414875122544, 0.0], [0.9383753856672157, 0.9486840126342387], [0.9607889187472984, 0.03210327822244756]]","[[337420.4, 44.124316], [340430.0, 43.651643], [333041.2, 48.449157], [336724.6, 48.420365], [337287.4, 48.23544], [337138.8, 48.016891], [337408.4, 43.430031], [337696.2, 36.282639], [334662.4, 48.366628], [337241.4, 37.299893]]","[[1.0, 0.0, 1.0, 1.0, 0.0, 1.0, 0.0, 0.0, 0.0, 0.0, 1.0, 0.0, 1.0, 0.0, 10.0, 4.096], [1.0, 0.0, 1.0, 0.0, 1.0, 1.0, 1.0, 0.0, 1.0, 1.0, 0.0, 0.0, 0.0, 0.0, 10.0, 4.096], [1.0, 0.0, 1.0, 0.0, 1.0, 1.0, 0.0, 0.0, 0.0, 1.0, 1.0, 0.0, 1.0, 1.0, 1.0, 2.048], [1.0, 0.0, 1.0, 1.0, 0.0, 1.0, 1.0, 0.0, 1.0, 1.0, 1.0, 0.0, 1.0, 0.0, 1.0, 2.048], [1.0, 0.0, 1.0, 1.0, 0.0, 1.0, 1.0, 1.0, 0.0, 1.0, 1.0, 1.0, 0.0, 0.0, 1.0, 4.096], [1.0, 0.0, 1.0, 0.0, 1.0, 1.0, 0.0, 0.0, 0.0, 0.0, 1.0, 0.0, 1.0, 0.0, 1.0, 1.024], [1.0, 0.0, 1.0, 1.0, 0.0, 1.0, 1.0, 0.0, 1.0, 1.0, 1.0, 0.0, 1.0, 1.0, 10.0, 2.048], [1.0, 0.0, 1.0, 0.0, 1.0, 1.0, 0.0, 0.0, 0.0, 1.0, 0.0, 0.0, 0.0, 1.0, 200.0, 1.024], [1.0, 0.0, 1.0, 1.0, 0.0, 1.0, 1.0, 1.0, 0.0, 1.0, 1.0, 1.0, 0.0, 0.0, 1.0, 0.512], [1.0, 0.0, 1.0, 0.0, 1.0, 1.0, 0.0, 0.0, 0.0, 0.0, 1.0, 0.0, 1.0, 1.0, 200.0, 2.048]]"
1.129589148955422,"[[0.9664535720476466, 0.9543914630448519], [0.9777863549621204, 0.04066894896961372], [0.9732358602274434, 0.5619437900691416], [0.9696170175851224, 0.5006137499813127], [0.9643834271931774, 0.9438975574406642], [0.9658921473725888, 0.5616671074795729], [0.9612043382437032, 0.6386129257513925], [0.9490094295124227, 0.9034940034292935], [0.9288711437996782, 0.937230654453569], [0.9682699459963621, 0.08607853935025914]]","[[337893.2, 48.429999], [339197.2, 37.52407], [338673.6, 43.29881], [338257.2, 43.029856], [337655.0, 48.313483], [337828.6, 43.298364], [337289.2, 43.68041], [335886.0, 47.864874], [333568.8, 48.239459], [338102.2, 38.71251]]","[[1.0, 0.0, 1.0, 0.0, 1.0, 1.0, 0.0, 0.0, 0.0, 1.0, 1.0, 0.0, 1.0, 0.0, 1.0, 0.256], [1.0, 0.0, 1.0, 1.0, 0.0, 1.0, 0.0, 0.0, 0.0, 1.0, 1.0, 1.0, 0.0, 0.0, 100.0, 4.096], [1.0, 0.0, 1.0, 0.0, 1.0, 1.0, 1.0, 0.0, 1.0, 1.0, 1.0, 0.0, 1.0, 1.0, 10.0, 4.096], [1.0, 0.0, 1.0, 0.0, 1.0, 1.0, 0.0, 0.0, 0.0, 0.0, 1.0, 0.0, 1.0, 0.0, 10.0, 0.512], [1.0, 0.0, 1.0, 0.0, 1.0, 1.0, 1.0, 1.0, 0.0, 0.0, 1.0, 1.0, 0.0, 1.0, 1.0, 4.096], [1.0, 0.0, 1.0, 1.0, 0.0, 1.0, 0.0, 0.0, 0.0, 1.0, 0.0, 0.0, 0.0, 1.0, 10.0, 4.096], [1.0, 0.0, 1.0, 0.0, 1.0, 1.0, 0.0, 0.0, 0.0, 1.0, 1.0, 0.0, 1.0, 0.0, 10.0, 2.048], [1.0, 0.0, 1.0, 1.0, 0.0, 1.0, 1.0, 1.0, 0.0, 1.0, 0.0, 0.0, 0.0, 1.0, 1.0, 1.024], [1.0, 0.0, 1.0, 0.0, 1.0, 1.0, 0.0, 0.0, 0.0, 1.0, 1.0, 1.0, 0.0, 1.0, 1.0, 4.096], [1.0, 0.0, 1.0, 1.0, 0.0, 1.0, 1.0, 1.0, 0.0, 1.0, 1.0, 1.0, 0.0, 0.0, 50.0, 2.048]]"
1.1675169162326609,"[[0.9714785836129448, 0.3431534329604073], [0.994093742892119, 0.0], [0.9641609431114211, 0.9906350475588848], [0.9664535720476466, 0.9543914630448519], [0.9353492545239489, 0.9587377751105496], [0.9634761092972638, 0.9551552964533887], [0.9687809641216465, 0.023983090978233455], [0.9611956474592596, 0.9346843629636318], [0.939251416739132, 0.9547350574857865], [0.9609436147103947, 0.9273551287789913]]","[[338471.4, 41.511875], [341073.6, 35.952438], [337629.4, 48.832419], [337893.2, 48.429999], [334314.2, 48.478257], [337550.6, 48.43848], [338161.0, 37.087375], [337288.2, 48.211187], [334763.2, 48.433814], [337259.2, 48.129809]]","[[1.0, 0.0, 1.0, 0.0, 1.0, 1.0, 1.0, 1.0, 0.0, 1.0, 0.0, 0.0, 0.0, 1.0, 10.0, 2.048], [1.0, 0.0, 1.0, 0.0, 1.0, 1.0, 0.0, 0.0, 0.0, 1.0, 1.0, 1.0, 0.0, 1.0, 100.0, 4.096], [1.0, 0.0, 1.0, 1.0, 0.0, 1.0, 0.0, 0.0, 0.0, 1.0, 1.0, 0.0, 1.0, 0.0, 1.0, 2.048], [1.0, 0.0, 1.0, 0.0, 1.0, 1.0, 0.0, 0.0, 0.0, 1.0, 1.0, 0.0, 1.0, 0.0, 1.0, 0.256], [1.0, 0.0, 1.0, 0.0, 1.0, 1.0, 1.0, 0.0, 1.0, 0.0, 1.0, 1.0, 0.0, 0.0, 1.0, 2.048], [1.0, 0.0, 1.0, 0.0, 1.0, 1.0, 0.0, 0.0, 0.0, 1.0, 1.0, 1.0, 0.0, 1.0, 1.0, 0.512], [1.0, 0.0, 1.0, 1.0, 0.0, 1.0, 0.0, 0.0, 0.0, 1.0, 1.0, 0.0, 1.0, 0.0, 500.0, 4.096], [1.0, 0.0, 1.0, 1.0, 0.0, 1.0, 1.0, 1.0, 0.0, 0.0, 1.0, 1.0, 0.0, 1.0, 1.0, 1.024], [1.0, 0.0, 1.0, 1.0, 0.0, 1.0, 1.0, 0.0, 1.0, 1.0, 1.0, 1.0, 0.0, 0.0, 1.0, 0.512], [1.0, 0.0, 1.0, 1.0, 0.0, 1.0, 0.0, 0.0, 0.0, 1.0, 1.0, 1.0, 0.0, 0.0, 1.0, 4.096]]"
1.1181714661720776,"[[0.9967322650492008, 0.07564133352649315], [0.9517418121414954, 0.938159755437235], [0.9242858859272272, 0.9561169105676384], [0.9766513385137839, 0.03981313462026011], [0.9586614147155011, 0.06954869037702385], [0.9512672953108737, 0.6435834642285404], [0.9319233472962758, 0.8960706868165317], [0.9267175674145505, 0.8991620116119141], [0.9118893509968548, 0.9052759211262522], [0.9062577226773922, 0.9064000108293476]]","[[341377.2, 38.439352], [336200.4, 48.249775], [333041.2, 48.449157], [339066.6, 37.501672], [336996.6, 38.279898], [336145.8, 43.759226], [333920.0, 47.762823], [333321.0, 47.811841], [331614.8, 47.884659], [330966.8, 47.89714]]","[[1.0, 0.0, 1.0, 1.0, 0.0, 1.0, 0.0, 0.0, 0.0, 0.0, 1.0, 1.0, 0.0, 1.0, 50.0, 0.256], [1.0, 0.0, 1.0, 1.0, 0.0, 1.0, 1.0, 1.0, 0.0, 1.0, 1.0, 0.0, 1.0, 0.0, 1.0, 4.096], [1.0, 0.0, 1.0, 0.0, 1.0, 1.0, 0.0, 0.0, 0.0, 1.0, 1.0, 0.0, 1.0, 1.0, 1.0, 2.048], [1.0, 0.0, 1.0, 1.0, 0.0, 1.0, 0.0, 0.0, 0.0, 1.0, 1.0, 1.0, 0.0, 0.0, 500.0, 1.024], [1.0, 0.0, 1.0, 1.0, 0.0, 1.0, 0.0, 0.0, 0.0, 1.0, 1.0, 0.0, 1.0, 1.0, 50.0, 2.048], [1.0, 0.0, 1.0, 1.0, 0.0, 1.0, 0.0, 0.0, 0.0, 1.0, 1.0, 1.0, 0.0, 0.0, 10.0, 4.096], [1.0, 0.0, 1.0, 0.0, 1.0, 1.0, 1.0, 0.0, 1.0, 1.0, 0.0, 0.0, 0.0, 1.0, 1.0, 2.048], [1.0, 0.0, 1.0, 1.0, 0.0, 1.0, 1.0, 0.0, 1.0, 1.0, 1.0, 1.0, 0.0, 0.0, 1.0, 1.024], [1.0, 0.0, 1.0, 0.0, 1.0, 1.0, 1.0, 1.0, 0.0, 0.0, 1.0, 0.0, 1.0, 1.0, 1.0, 4.096], [1.0, 0.0, 1.0, 0.0, 1.0, 1.0, 0.0, 0.0, 0.0, 1.0, 1.0, 1.0, 0.0, 0.0, 1.0, 1.024]]"
1.1319055401232543,"[[0.9744995002855451, 0.9280491625304577], [0.9737016862736214, 0.9486446546340584], [0.9562975213468379, 0.9535237857594078], [0.9535946873848737, 0.9103969643533978], [0.9032698309856776, 0.9274614043858859], [0.9676233516337569, 0.8840399479605874], [0.9586614147155011, 0.06954869037702385], [0.9369570496460177, 0.909780745961556], [0.9564018107601613, 0.6086566203645489], [0.9620751548449535, 0.042736078012386464]]","[[338819.0, 48.137515], [338727.2, 48.366191], [336724.6, 48.420365], [336413.6, 47.941519], [330623.0, 48.130989], [338027.8, 47.572056], [336996.6, 38.279898], [334499.2, 47.934677], [336736.6, 43.374109], [337389.4, 37.57817]]","[[1.0, 0.0, 1.0, 0.0, 1.0, 1.0, 1.0, 0.0, 1.0, 0.0, 0.0, 0.0, 0.0, 0.0, 1.0, 0.256], [1.0, 0.0, 1.0, 0.0, 1.0, 1.0, 1.0, 1.0, 0.0, 1.0, 1.0, 1.0, 0.0, 1.0, 1.0, 4.096], [1.0, 0.0, 1.0, 1.0, 0.0, 1.0, 1.0, 0.0, 1.0, 1.0, 1.0, 0.0, 1.0, 0.0, 1.0, 2.048], [1.0, 0.0, 1.0, 1.0, 0.0, 1.0, 0.0, 0.0, 0.0, 1.0, 1.0, 0.0, 1.0, 1.0, 1.0, 0.512], [1.0, 0.0, 1.0, 1.0, 0.0, 1.0, 1.0, 0.0, 1.0, 0.0, 1.0, 1.0, 0.0, 0.0, 1.0, 0.512], [1.0, 0.0, 1.0, 0.0, 1.0, 1.0, 1.0, 0.0, 1.0, 0.0, 0.0, 0.0, 0.0, 0.0, 1.0, 4.096], [1.0, 0.0, 1.0, 1.0, 0.0, 1.0, 0.0, 0.0, 0.0, 1.0, 1.0, 0.0, 1.0, 1.0, 50.0, 2.048], [1.0, 0.0, 1.0, 0.0, 1.0, 1.0, 1.0, 1.0, 0.0, 1.0, 0.0, 0.0, 0.0, 0.0, 1.0, 2.048], [1.0, 0.0, 1.0, 0.0, 1.0, 1.0, 0.0, 0.0, 0.0, 0.0, 1.0, 0.0, 1.0, 1.0, 10.0, 4.096], [1.0, 0.0, 1.0, 1.0, 0.0, 1.0, 0.0, 0.0, 0.0, 1.0, 1.0, 1.0, 0.0, 0.0, 100.0, 1.024]]"
1.1265054343475254,"[[0.972090414837775, 0.0396770709137664], [0.970234063280619, 0.9523362909484702], [0.9629529240737587, 0.8978477350454332], [0.952772539176508, 0.9424907566104143], [0.9031620652585766, 0.9407821510693981], [0.9623445691627056, 0.6666078995287593], [0.9483889075031484, 0.9115321319375511], [0.9126367584590056, 0.9305196200703911], [0.9601805638362455, 0.038293546412661784], [0.9557986703197747, 0.05772303103835437]]","[[338541.8, 37.498111], [338328.2, 48.40718], [337490.4, 47.791001], [336319.0, 48.297863], [330610.6, 48.278892], [337420.4, 44.124316], [335814.6, 47.954123], [331700.8, 48.164945], [337171.4, 37.461902], [336667.2, 37.970402]]","[[1.0, 0.0, 1.0, 0.0, 1.0, 1.0, 0.0, 0.0, 0.0, 0.0, 1.0, 1.0, 0.0, 0.0, 500.0, 0.512], [1.0, 0.0, 1.0, 0.0, 1.0, 1.0, 0.0, 0.0, 0.0, 1.0, 1.0, 1.0, 0.0, 0.0, 1.0, 4.096], [1.0, 0.0, 1.0, 1.0, 0.0, 1.0, 0.0, 0.0, 0.0, 1.0, 0.0, 0.0, 0.0, 0.0, 1.0, 4.096], [1.0, 0.0, 1.0, 0.0, 1.0, 1.0, 1.0, 0.0, 1.0, 1.0, 1.0, 1.0, 0.0, 0.0, 1.0, 1.024], [1.0, 0.0, 1.0, 0.0, 1.0, 1.0, 1.0, 0.0, 1.0, 1.0, 1.0, 1.0, 0.0, 1.0, 1.0, 1.024], [1.0, 0.0, 1.0, 1.0, 0.0, 1.0, 0.0, 0.0, 0.0, 0.0, 1.0, 0.0, 1.0, 0.0, 10.0, 4.096], [1.0, 0.0, 1.0, 0.0, 1.0, 1.0, 1.0, 0.0, 1.0, 0.0, 0.0, 0.0, 0.0, 1.0, 1.0, 2.048], [1.0, 0.0, 1.0, 1.0, 0.0, 1.0, 1.0, 0.0, 1.0, 1.0, 1.0, 0.0, 1.0, 1.0, 1.0, 1.024], [1.0, 0.0, 1.0, 0.0, 1.0, 1.0, 0.0, 0.0, 0.0, 1.0, 1.0, 1.0, 0.0, 1.0, 500.0, 0.256], [1.0, 0.0, 1.0, 0.0, 1.0, 1.0, 0.0, 0.0, 0.0, 1.0, 1.0, 1.0, 0.0, 0.0, 100.0, 2.048]]"
1.1291345863762352,"[[0.9972676173709273, 0.05475633787258704], [0.9844973787094798, 0.9371886845952533], [0.9885003540242087, 0.6367987321819125], [0.9140342365975388, 0.9324863492464581], [0.975246907747696, 0.8865428754255824], [0.9304580810390826, 0.9033916906416388], [0.9687809641216465, 0.023983090978233455], [0.9652212188135421, 0.053586442178841905], [0.9455574499314188, 0.08772039766759629], [0.9395451652533261, 0.09339006265618781]]","[[341438.8, 37.892759], [339969.4, 48.238993], [340430.0, 43.651643], [331861.6, 48.186782], [338905.0, 47.611744], [333751.4, 47.863738], [338161.0, 37.087375], [337751.4, 37.862141], [335488.8, 38.75548], [334797.0, 38.903864]]","[[1.0, 0.0, 1.0, 0.0, 1.0, 1.0, 0.0, 0.0, 0.0, 1.0, 1.0, 1.0, 0.0, 0.0, 100.0, 0.256], [1.0, 0.0, 1.0, 0.0, 1.0, 1.0, 1.0, 0.0, 1.0, 1.0, 1.0, 1.0, 0.0, 1.0, 1.0, 2.048], [1.0, 0.0, 1.0, 0.0, 1.0, 1.0, 1.0, 0.0, 1.0, 1.0, 0.0, 0.0, 0.0, 0.0, 10.0, 4.096], [1.0, 0.0, 1.0, 1.0, 0.0, 1.0, 1.0, 0.0, 1.0, 1.0, 1.0, 0.0, 1.0, 0.0, 1.0, 4.096], [1.0, 0.0, 1.0, 0.0, 1.0, 1.0, 1.0, 1.0, 0.0, 1.0, 0.0, 0.0, 0.0, 0.0, 1.0, 1.024], [1.0, 0.0, 1.0, 0.0, 1.0, 1.0, 1.0, 1.0, 0.0, 0.0, 0.0, 0.0, 0.0, 0.0, 1.0, 0.512], [1.0, 0.0, 1.0, 1.0, 0.0, 1.0, 0.0, 0.0, 0.0, 1.0, 1.0, 0.0, 1.0, 0.0, 500.0, 4.096], [1.0, 0.0, 1.0, 1.0, 0.0, 1.0, 0.0, 0.0, 0.0, 1.0, 1.0, 1.0, 0.0, 1.0, 100.0, 1.024], [1.0, 0.0, 1.0, 1.0, 0.0, 1.0, 0.0, 0.0, 0.0, 1.0, 1.0, 0.0, 1.0, 0.0, 50.0, 0.256], [1.0, 0.0, 1.0, 0.0, 1.0, 1.0, 1.0, 0.0, 1.0, 1.0, 1.0, 1.0, 0.0, 0.0, 50.0, 1.024]]"
1.1456769855714994,"[[0.9676233516337569, 0.8840399479605874], [0.95046948129895, 0.9745641943867884], [0.9519625580663629, 0.07165406703849939], [0.9630485227026384, 0.019128356271051413], [0.9245118463227612, 0.9454444979694971], [0.9607576319233012, 0.041884008185143644], [0.94580079189584, 0.911395144481545], [0.9366198472096054, 0.9443123925638481], [0.9564921949183751, 0.008281048857339596], [0.9563374989552789, 0.037248175183803564]]","[[338027.8, 47.572056], [336054.0, 48.653981], [336225.8, 38.334999], [337501.4, 36.960319], [333067.2, 48.330659], [337237.8, 37.55587], [335516.8, 47.952602], [334460.4, 48.318089], [336747.0, 36.676428], [336729.2, 37.434543]]","[[1.0, 0.0, 1.0, 0.0, 1.0, 1.0, 1.0, 0.0, 1.0, 0.0, 0.0, 0.0, 0.0, 0.0, 1.0, 4.096], [1.0, 0.0, 1.0, 0.0, 1.0, 1.0, 0.0, 0.0, 0.0, 1.0, 1.0, 0.0, 1.0, 1.0, 1.0, 1.024], [1.0, 0.0, 1.0, 1.0, 0.0, 1.0, 1.0, 0.0, 1.0, 1.0, 1.0, 1.0, 0.0, 0.0, 50.0, 4.096], [1.0, 0.0, 1.0, 0.0, 1.0, 1.0, 1.0, 0.0, 1.0, 1.0, 1.0, 0.0, 1.0, 0.0, 500.0, 0.512], [1.0, 0.0, 1.0, 0.0, 1.0, 1.0, 0.0, 0.0, 0.0, 1.0, 1.0, 0.0, 1.0, 0.0, 1.0, 0.512], [1.0, 0.0, 1.0, 0.0, 1.0, 1.0, 0.0, 0.0, 0.0, 0.0, 1.0, 1.0, 0.0, 0.0, 500.0, 4.096], [1.0, 0.0, 1.0, 0.0, 1.0, 1.0, 1.0, 1.0, 0.0, 0.0, 1.0, 0.0, 1.0, 0.0, 1.0, 4.096], [1.0, 0.0, 1.0, 1.0, 0.0, 1.0, 0.0, 0.0, 0.0, 0.0, 1.0, 0.0, 1.0, 0.0, 1.0, 2.048], [1.0, 0.0, 1.0, 0.0, 1.0, 1.0, 1.0, 0.0, 1.0, 0.0, 1.0, 1.0, 0.0, 0.0, 200.0, 0.256], [1.0, 0.0, 1.0, 0.0, 1.0, 1.0, 1.0, 0.0, 1.0, 1.0, 1.0, 1.0, 0.0, 0.0, 500.0, 4.096]]"
1.1372174475661874,"[[0.9536468320915354, 0.9374958931504378], [0.9534869216577732, 0.9437045501308549], [0.9700515568073032, 0.9260588365670972], [0.9950688489066928, 0.05394198073231688], [0.9611886948317048, 0.9368686869416116], [0.9472156516032604, 0.9597065042866169], [0.9666343403640737, 0.0338062333852451], [0.9623445691627056, 0.6666078995287593], [0.9563201173863916, 0.8850446379788506], [0.9448048279986019, 0.9209872385163798]]","[[336419.6, 48.242404], [336401.2, 48.31134], [338307.2, 48.115416], [341185.8, 37.871446], [337287.4, 48.23544], [335679.6, 48.489013], [337914.0, 37.344462], [337420.4, 44.124316], [336727.2, 47.587987], [335402.2, 48.059105]]","[[1.0, 0.0, 1.0, 1.0, 0.0, 1.0, 0.0, 0.0, 0.0, 0.0, 1.0, 0.0, 1.0, 1.0, 1.0, 2.048], [1.0, 0.0, 1.0, 0.0, 1.0, 1.0, 1.0, 0.0, 1.0, 1.0, 0.0, 0.0, 0.0, 0.0, 1.0, 0.256], [1.0, 0.0, 1.0, 1.0, 0.0, 1.0, 1.0, 0.0, 1.0, 1.0, 1.0, 0.0, 1.0, 1.0, 1.0, 0.256], [1.0, 0.0, 1.0, 1.0, 0.0, 1.0, 0.0, 0.0, 0.0, 1.0, 1.0, 1.0, 0.0, 0.0, 100.0, 2.048], [1.0, 0.0, 1.0, 1.0, 0.0, 1.0, 1.0, 1.0, 0.0, 1.0, 1.0, 1.0, 0.0, 0.0, 1.0, 4.096], [1.0, 0.0, 1.0, 0.0, 1.0, 1.0, 1.0, 0.0, 1.0, 1.0, 1.0, 0.0, 1.0, 1.0, 1.0, 2.048], [1.0, 0.0, 1.0, 1.0, 0.0, 1.0, 1.0, 0.0, 1.0, 1.0, 1.0, 0.0, 1.0, 0.0, 200.0, 0.256], [1.0, 0.0, 1.0, 1.0, 0.0, 1.0, 0.0, 0.0, 0.0, 0.0, 1.0, 0.0, 1.0, 0.0, 10.0, 4.096], [1.0, 0.0, 1.0, 1.0, 0.0, 1.0, 0.0, 0.0, 0.0, 1.0, 1.0, 1.0, 0.0, 0.0, 1.0, 1.024], [1.0, 0.0, 1.0, 0.0, 1.0, 1.0, 1.0, 0.0, 1.0, 0.0, 1.0, 1.0, 0.0, 0.0, 1.0, 4.096]]"
1.1195621034368104,"[[0.9714785836129448, 0.3431534329604073], [0.9562975213468379, 0.9535237857594078], [0.9534799690302184, 0.08944226648799411], [0.9681343697590414, 0.06894215421390033], [0.9517418121414954, 0.938159755437235], [0.9445892965444004, 0.950830869957585], [0.9521172540294591, 0.010629475571330352], [0.9455574499314188, 0.08772039766759629], [0.9407132066825481, 0.9380846419998198], [0.9492093175546259, 0.033606054289956874]]","[[338471.4, 41.511875], [336724.6, 48.420365], [336400.4, 38.800544], [338086.6, 38.264024], [336200.4, 48.249775], [335377.4, 48.390465], [336243.6, 36.73789], [335488.8, 38.75548], [334931.4, 48.248941], [335909.0, 37.339223]]","[[1.0, 0.0, 1.0, 0.0, 1.0, 1.0, 1.0, 1.0, 0.0, 1.0, 0.0, 0.0, 0.0, 1.0, 10.0, 2.048], [1.0, 0.0, 1.0, 1.0, 0.0, 1.0, 1.0, 0.0, 1.0, 1.0, 1.0, 0.0, 1.0, 0.0, 1.0, 2.048], [1.0, 0.0, 1.0, 0.0, 1.0, 1.0, 0.0, 0.0, 0.0, 1.0, 1.0, 1.0, 0.0, 0.0, 50.0, 2.048], [1.0, 0.0, 1.0, 0.0, 1.0, 1.0, 1.0, 1.0, 0.0, 1.0, 1.0, 1.0, 0.0, 1.0, 50.0, 4.096], [1.0, 0.0, 1.0, 1.0, 0.0, 1.0, 1.0, 1.0, 0.0, 1.0, 1.0, 0.0, 1.0, 0.0, 1.0, 4.096], [1.0, 0.0, 1.0, 0.0, 1.0, 1.0, 1.0, 0.0, 1.0, 1.0, 1.0, 1.0, 0.0, 1.0, 1.0, 4.096], [1.0, 0.0, 1.0, 1.0, 0.0, 1.0, 0.0, 0.0, 0.0, 1.0, 0.0, 0.0, 0.0, 0.0, 100.0, 4.096], [1.0, 0.0, 1.0, 1.0, 0.0, 1.0, 0.0, 0.0, 0.0, 1.0, 1.0, 0.0, 1.0, 0.0, 50.0, 0.256], [1.0, 0.0, 1.0, 0.0, 1.0, 1.0, 1.0, 0.0, 1.0, 1.0, 1.0, 0.0, 1.0, 1.0, 1.0, 4.096], [1.0, 0.0, 1.0, 1.0, 0.0, 1.0, 1.0, 1.0, 0.0, 1.0, 1.0, 0.0, 1.0, 1.0, 100.0, 0.256]]"
1.1748265326685812,"[[0.94652212700466, 0.9867440093854349], [0.9817893302768492, 0.9291272294919231], [0.994093742892119, 0.0], [0.9451733172590109, 0.9464020592004331], [0.9560020346757551, 0.9080115272989805], [0.9710788075285385, 0.036927712868059875], [0.9622402797493822, 0.6228227504904061], [0.9647414875122544, 0.0], [0.9597164759469562, 0.09622535366339514], [0.9560298451859747, 0.4881021368200735]]","[[335599.8, 48.789216], [339657.8, 48.149485], [341073.6, 35.952438], [335444.6, 48.341291], [336690.6, 47.915033], [338425.4, 37.426156], [337408.4, 43.430031], [337696.2, 36.282639], [337118.0, 38.978068], [336693.8, 42.909239]]","[[1.0, 0.0, 1.0, 0.0, 1.0, 1.0, 0.0, 0.0, 0.0, 0.0, 1.0, 1.0, 0.0, 0.0, 1.0, 1.024], [1.0, 0.0, 1.0, 0.0, 1.0, 1.0, 1.0, 0.0, 1.0, 1.0, 1.0, 1.0, 0.0, 1.0, 1.0, 0.256], [1.0, 0.0, 1.0, 0.0, 1.0, 1.0, 0.0, 0.0, 0.0, 1.0, 1.0, 1.0, 0.0, 1.0, 100.0, 4.096], [1.0, 0.0, 1.0, 1.0, 0.0, 1.0, 1.0, 0.0, 1.0, 1.0, 1.0, 0.0, 1.0, 0.0, 1.0, 0.256], [1.0, 0.0, 1.0, 0.0, 1.0, 1.0, 1.0, 1.0, 0.0, 1.0, 1.0, 0.0, 1.0, 0.0, 1.0, 2.048], [1.0, 0.0, 1.0, 0.0, 1.0, 1.0, 0.0, 0.0, 0.0, 1.0, 1.0, 0.0, 1.0, 0.0, 100.0, 4.096], [1.0, 0.0, 1.0, 1.0, 0.0, 1.0, 1.0, 0.0, 1.0, 1.0, 1.0, 0.0, 1.0, 1.0, 10.0, 2.048], [1.0, 0.0, 1.0, 0.0, 1.0, 1.0, 0.0, 0.0, 0.0, 1.0, 0.0, 0.0, 0.0, 1.0, 200.0, 1.024], [1.0, 0.0, 1.0, 0.0, 1.0, 1.0, 0.0, 0.0, 0.0, 1.0, 1.0, 1.0, 0.0, 0.0, 50.0, 1.024], [1.0, 0.0, 1.0, 1.0, 0.0, 1.0, 0.0, 0.0, 0.0, 1.0, 1.0, 0.0, 1.0, 1.0, 10.0, 0.512]]"
1.1084406583296973,"[[0.9703609487334957, 0.6295858512096681], [0.9597529772416196, 0.9296815738651746], [0.9524596709365378, 0.9330755484162078], [0.9766513385137839, 0.03981313462026011], [0.9384396974720982, 0.9379305423698225], [0.9648683729651311, 0.4965225312087311], [0.9299713971102401, 0.9204376675390306], [0.93742982831975, 0.6408557727672434], [0.9440591586933399, 0.6318341218236343], [0.926816642357208, 0.922740425773847]]","[[338342.8, 43.537271], [337122.2, 48.15564], [336283.0, 48.193324], [339066.6, 37.501672], [334669.8, 48.24723], [337710.8, 42.990415], [333695.4, 48.053003], [334553.6, 43.715974], [335316.4, 43.572921], [333332.4, 48.078571]]","[[1.0, 0.0, 1.0, 0.0, 1.0, 1.0, 0.0, 0.0, 0.0, 1.0, 1.0, 1.0, 0.0, 1.0, 10.0, 4.096], [1.0, 0.0, 1.0, 0.0, 1.0, 1.0, 1.0, 0.0, 1.0, 1.0, 1.0, 0.0, 1.0, 0.0, 1.0, 4.096], [1.0, 0.0, 1.0, 1.0, 0.0, 1.0, 0.0, 0.0, 0.0, 1.0, 1.0, 0.0, 1.0, 0.0, 1.0, 0.256], [1.0, 0.0, 1.0, 1.0, 0.0, 1.0, 0.0, 0.0, 0.0, 1.0, 1.0, 1.0, 0.0, 0.0, 500.0, 1.024], [1.0, 0.0, 1.0, 0.0, 1.0, 1.0, 0.0, 0.0, 0.0, 0.0, 1.0, 1.0, 0.0, 0.0, 1.0, 0.256], [1.0, 0.0, 1.0, 0.0, 1.0, 1.0, 1.0, 1.0, 0.0, 1.0, 1.0, 1.0, 0.0, 1.0, 10.0, 2.048], [1.0, 0.0, 1.0, 1.0, 0.0, 1.0, 0.0, 0.0, 0.0, 0.0, 1.0, 0.0, 1.0, 0.0, 1.0, 1.024], [1.0, 0.0, 1.0, 1.0, 0.0, 1.0, 0.0, 0.0, 0.0, 1.0, 1.0, 0.0, 1.0, 0.0, 10.0, 0.512], [1.0, 0.0, 1.0, 1.0, 0.0, 1.0, 0.0, 0.0, 0.0, 1.0, 1.0, 0.0, 1.0, 0.0, 10.0, 4.096], [1.0, 0.0, 1.0, 1.0, 0.0, 1.0, 1.0, 1.0, 0.0, 1.0, 1.0, 0.0, 1.0, 1.0, 1.0, 1.024]]"
1.128646879921459,"[[0.9703609487334957, 0.6295858512096681], [0.9536468320915354, 0.9374958931504378], [0.9472156516032604, 0.9597065042866169], [0.9534869216577732, 0.9437045501308549], [0.9383753856672157, 0.9486840126342387], [0.9697056635864474, 0.625010730874163], [0.9527429905093995, 0.9148916119483804], [0.9673521991591161, 0.040603114157401254], [0.9634830619248191, 0.08922645974430496], [0.9562210424437342, 0.605462363293527]]","[[338342.8, 43.537271], [336419.6, 48.242404], [335679.6, 48.489013], [336401.2, 48.31134], [334662.4, 48.366628], [338267.4, 43.464725], [336315.6, 47.991424], [337996.6, 37.522347], [337551.4, 38.794896], [336715.8, 43.36896]]","[[1.0, 0.0, 1.0, 0.0, 1.0, 1.0, 0.0, 0.0, 0.0, 1.0, 1.0, 1.0, 0.0, 1.0, 10.0, 4.096], [1.0, 0.0, 1.0, 1.0, 0.0, 1.0, 0.0, 0.0, 0.0, 0.0, 1.0, 0.0, 1.0, 1.0, 1.0, 2.048], [1.0, 0.0, 1.0, 0.0, 1.0, 1.0, 1.0, 0.0, 1.0, 1.0, 1.0, 0.0, 1.0, 1.0, 1.0, 2.048], [1.0, 0.0, 1.0, 0.0, 1.0, 1.0, 1.0, 0.0, 1.0, 1.0, 0.0, 0.0, 0.0, 0.0, 1.0, 0.256], [1.0, 0.0, 1.0, 1.0, 0.0, 1.0, 1.0, 1.0, 0.0, 1.0, 1.0, 1.0, 0.0, 0.0, 1.0, 0.512], [1.0, 0.0, 1.0, 0.0, 1.0, 1.0, 0.0, 0.0, 0.0, 1.0, 1.0, 1.0, 0.0, 1.0, 10.0, 2.048], [1.0, 0.0, 1.0, 0.0, 1.0, 1.0, 0.0, 0.0, 0.0, 0.0, 1.0, 0.0, 1.0, 0.0, 1.0, 4.096], [1.0, 0.0, 1.0, 0.0, 1.0, 1.0, 0.0, 0.0, 0.0, 1.0, 1.0, 1.0, 0.0, 0.0, 500.0, 4.096], [1.0, 0.0, 1.0, 0.0, 1.0, 1.0, 1.0, 0.0, 1.0, 1.0, 1.0, 1.0, 0.0, 0.0, 50.0, 4.096], [1.0, 0.0, 1.0, 1.0, 0.0, 1.0, 0.0, 0.0, 0.0, 1.0, 1.0, 1.0, 0.0, 0.0, 10.0, 0.256]]"
1.1158643178626213,"[[0.9611886948317048, 0.9368686869416116], [0.9424635306694918, 0.9436310578467649], [0.9671123335084725, 0.9350598400866349], [0.9703609487334957, 0.6295858512096681], [0.9634830619248191, 0.08922645974430496], [0.9687809641216465, 0.023983090978233455], [0.9364495078345104, 0.9293625669163436], [0.93342859116191, 0.9311040458442378], [0.9618491944494195, 0.9215886864001448], [0.9531584100058046, 0.004243193111441221]]","[[337287.4, 48.23544], [335132.8, 48.310524], [337969.0, 48.215356], [338342.8, 43.537271], [337551.4, 38.794896], [338161.0, 37.087375], [334440.8, 48.152098], [334093.2, 48.171434], [337363.4, 48.065783], [336363.4, 36.570751]]","[[1.0, 0.0, 1.0, 1.0, 0.0, 1.0, 1.0, 1.0, 0.0, 1.0, 1.0, 1.0, 0.0, 0.0, 1.0, 4.096], [1.0, 0.0, 1.0, 1.0, 0.0, 1.0, 0.0, 0.0, 0.0, 1.0, 1.0, 1.0, 0.0, 0.0, 1.0, 2.048], [1.0, 0.0, 1.0, 1.0, 0.0, 1.0, 1.0, 1.0, 0.0, 1.0, 1.0, 0.0, 1.0, 1.0, 1.0, 2.048], [1.0, 0.0, 1.0, 0.0, 1.0, 1.0, 0.0, 0.0, 0.0, 1.0, 1.0, 1.0, 0.0, 1.0, 10.0, 4.096], [1.0, 0.0, 1.0, 0.0, 1.0, 1.0, 1.0, 0.0, 1.0, 1.0, 1.0, 1.0, 0.0, 0.0, 50.0, 4.096], [1.0, 0.0, 1.0, 1.0, 0.0, 1.0, 0.0, 0.0, 0.0, 1.0, 1.0, 0.0, 1.0, 0.0, 500.0, 4.096], [1.0, 0.0, 1.0, 0.0, 1.0, 1.0, 0.0, 0.0, 0.0, 0.0, 1.0, 1.0, 0.0, 0.0, 1.0, 4.096], [1.0, 0.0, 1.0, 0.0, 1.0, 1.0, 0.0, 0.0, 0.0, 0.0, 1.0, 1.0, 0.0, 1.0, 1.0, 0.512], [1.0, 0.0, 1.0, 1.0, 0.0, 1.0, 0.0, 0.0, 0.0, 1.0, 0.0, 0.0, 0.0, 0.0, 1.0, 0.512], [1.0, 0.0, 1.0, 1.0, 0.0, 1.0, 0.0, 0.0, 0.0, 1.0, 0.0, 0.0, 0.0, 1.0, 100.0, 4.096]]"
1.175607182586972,"[[0.9839637645446417, 0.6386791441004713], [0.9653011740304229, 0.9614476229582167], [0.9641609431114211, 0.9906350475588848], [0.9658417408228159, 0.04177671616384772], [0.9383753856672157, 0.9486840126342387], [0.9597529772416196, 0.9296815738651746], [0.9551503378002808, 0.9324923835393921], [0.9607889187472984, 0.03210327822244756], [0.9593340814314372, 0.05346428669733091], [0.9472208660739269, 0.6492070417577958]]","[[339908.0, 43.68146], [337760.6, 48.508345], [337629.4, 48.832419], [337822.8, 37.553062], [334662.4, 48.366628], [337122.2, 48.15564], [336592.6, 48.186849], [337241.4, 37.299893], [337074.0, 37.858944], [335680.2, 43.848397]]","[[1.0, 0.0, 1.0, 0.0, 1.0, 1.0, 0.0, 0.0, 0.0, 1.0, 1.0, 1.0, 0.0, 1.0, 10.0, 0.512], [1.0, 0.0, 1.0, 1.0, 0.0, 1.0, 1.0, 0.0, 1.0, 1.0, 1.0, 1.0, 0.0, 0.0, 1.0, 0.256], [1.0, 0.0, 1.0, 1.0, 0.0, 1.0, 0.0, 0.0, 0.0, 1.0, 1.0, 0.0, 1.0, 0.0, 1.0, 2.048], [1.0, 0.0, 1.0, 0.0, 1.0, 1.0, 0.0, 0.0, 0.0, 0.0, 1.0, 1.0, 0.0, 1.0, 100.0, 4.096], [1.0, 0.0, 1.0, 1.0, 0.0, 1.0, 1.0, 1.0, 0.0, 1.0, 1.0, 1.0, 0.0, 0.0, 1.0, 0.512], [1.0, 0.0, 1.0, 0.0, 1.0, 1.0, 1.0, 0.0, 1.0, 1.0, 1.0, 0.0, 1.0, 0.0, 1.0, 4.096], [1.0, 0.0, 1.0, 0.0, 1.0, 1.0, 0.0, 0.0, 0.0, 0.0, 1.0, 1.0, 0.0, 1.0, 1.0, 2.048], [1.0, 0.0, 1.0, 0.0, 1.0, 1.0, 0.0, 0.0, 0.0, 0.0, 1.0, 0.0, 1.0, 1.0, 200.0, 2.048], [1.0, 0.0, 1.0, 1.0, 0.0, 1.0, 0.0, 0.0, 0.0, 1.0, 1.0, 0.0, 1.0, 0.0, 100.0, 0.512], [1.0, 0.0, 1.0, 0.0, 1.0, 1.0, 0.0, 0.0, 0.0, 1.0, 1.0, 1.0, 0.0, 0.0, 10.0, 4.096]]"
1.14055985371856,"[[0.9763037071360394, 0.9594938630087537], [0.9472156516032604, 0.9597065042866169], [0.9445892965444004, 0.950830869957585], [0.9600901796780317, 0.9355838328670697], [0.9714785836129448, 0.3431534329604073], [0.9609436147103947, 0.9273551287789913], [0.9560020346757551, 0.9080115272989805], [0.9670254256640363, 0.08033929502734435], [0.9383753856672157, 0.9486840126342387], [0.9660120801979111, 0.0509473182789468]]","[[339026.6, 48.486652], [335679.6, 48.489013], [335377.4, 48.390465], [337161.0, 48.221174], [338471.4, 41.511875], [337259.2, 48.129809], [336690.6, 47.915033], [337959.0, 38.562305], [334662.4, 48.366628], [337842.4, 37.793071]]","[[1.0, 0.0, 1.0, 0.0, 1.0, 1.0, 0.0, 0.0, 0.0, 1.0, 1.0, 1.0, 0.0, 1.0, 1.0, 0.256], [1.0, 0.0, 1.0, 0.0, 1.0, 1.0, 1.0, 0.0, 1.0, 1.0, 1.0, 0.0, 1.0, 1.0, 1.0, 2.048], [1.0, 0.0, 1.0, 0.0, 1.0, 1.0, 1.0, 0.0, 1.0, 1.0, 1.0, 1.0, 0.0, 1.0, 1.0, 4.096], [1.0, 0.0, 1.0, 1.0, 0.0, 1.0, 0.0, 0.0, 0.0, 0.0, 1.0, 1.0, 0.0, 0.0, 1.0, 0.256], [1.0, 0.0, 1.0, 0.0, 1.0, 1.0, 1.0, 1.0, 0.0, 1.0, 0.0, 0.0, 0.0, 1.0, 10.0, 2.048], [1.0, 0.0, 1.0, 1.0, 0.0, 1.0, 0.0, 0.0, 0.0, 1.0, 1.0, 1.0, 0.0, 0.0, 1.0, 4.096], [1.0, 0.0, 1.0, 0.0, 1.0, 1.0, 1.0, 1.0, 0.0, 1.0, 1.0, 0.0, 1.0, 0.0, 1.0, 2.048], [1.0, 0.0, 1.0, 0.0, 1.0, 1.0, 1.0, 0.0, 1.0, 1.0, 1.0, 1.0, 0.0, 0.0, 50.0, 0.512], [1.0, 0.0, 1.0, 1.0, 0.0, 1.0, 1.0, 1.0, 0.0, 1.0, 1.0, 1.0, 0.0, 0.0, 1.0, 0.512], [1.0, 0.0, 1.0, 1.0, 0.0, 1.0, 1.0, 0.0, 1.0, 1.0, 1.0, 0.0, 1.0, 0.0, 100.0, 0.256]]"
1.1310584365685923,"[[0.9820448393394917, 0.04095242457716139], [0.970234063280619, 0.9523362909484702], [0.9737016862736214, 0.9486446546340584], [0.9648683729651311, 0.4965225312087311], [0.9551503378002808, 0.9324923835393921], [0.9505650799278298, 0.9518852500676835], [0.9353423018963941, 0.9343483339048824], [0.947990869575631, 0.9126936882952802], [0.9556943809064513, 0.08973861866647372], [0.9516896674348337, 0.04993664119372736]]","[[339687.2, 37.531489], [338328.2, 48.40718], [338727.2, 48.366191], [337710.8, 42.990415], [336592.6, 48.186849], [336065.0, 48.402172], [334313.4, 48.207456], [335768.8, 47.96702], [336655.2, 38.8083], [336194.4, 37.76662]]","[[1.0, 0.0, 1.0, 0.0, 1.0, 1.0, 0.0, 0.0, 0.0, 1.0, 1.0, 1.0, 0.0, 0.0, 500.0, 0.256], [1.0, 0.0, 1.0, 0.0, 1.0, 1.0, 0.0, 0.0, 0.0, 1.0, 1.0, 1.0, 0.0, 0.0, 1.0, 4.096], [1.0, 0.0, 1.0, 0.0, 1.0, 1.0, 1.0, 1.0, 0.0, 1.0, 1.0, 1.0, 0.0, 1.0, 1.0, 4.096], [1.0, 0.0, 1.0, 0.0, 1.0, 1.0, 1.0, 1.0, 0.0, 1.0, 1.0, 1.0, 0.0, 1.0, 10.0, 2.048], [1.0, 0.0, 1.0, 0.0, 1.0, 1.0, 0.0, 0.0, 0.0, 0.0, 1.0, 1.0, 0.0, 1.0, 1.0, 2.048], [1.0, 0.0, 1.0, 0.0, 1.0, 1.0, 1.0, 0.0, 1.0, 0.0, 1.0, 0.0, 1.0, 1.0, 1.0, 0.256], [1.0, 0.0, 1.0, 1.0, 0.0, 1.0, 1.0, 1.0, 0.0, 0.0, 1.0, 0.0, 1.0, 0.0, 1.0, 4.096], [1.0, 0.0, 1.0, 1.0, 0.0, 1.0, 0.0, 0.0, 0.0, 1.0, 1.0, 0.0, 1.0, 1.0, 1.0, 1.024], [1.0, 0.0, 1.0, 1.0, 0.0, 1.0, 0.0, 0.0, 0.0, 1.0, 0.0, 0.0, 0.0, 1.0, 50.0, 4.096], [1.0, 0.0, 1.0, 0.0, 1.0, 1.0, 1.0, 1.0, 0.0, 1.0, 0.0, 0.0, 0.0, 0.0, 100.0, 0.512]]"
1.1033213921170777,"[[0.9598972442633833, 0.9171852737117591], [0.9839637645446417, 0.6386791441004713], [0.9229075275144696, 0.92445092266041], [0.9545002671238985, 0.6337945633469372], [0.9104658005049907, 0.8856974878356747], [0.907394477282617, 0.9121628506452487], [0.9468923544219583, 0.8695129665396497], [0.9542169475510368, 0.014425962478722229], [0.9534799690302184, 0.08944226648799411], [0.9333920898672468, 0.4091412307078965]]","[[337138.8, 48.016891], [339908.0, 43.68146], [332882.6, 48.097563], [336517.8, 43.604007], [331451.0, 47.598339], [331097.6, 47.961126], [335642.4, 47.341707], [336485.2, 36.83725], [336400.4, 38.800544], [334089.0, 42.148024]]","[[1.0, 0.0, 1.0, 0.0, 1.0, 1.0, 0.0, 0.0, 0.0, 0.0, 1.0, 0.0, 1.0, 0.0, 1.0, 1.024], [1.0, 0.0, 1.0, 0.0, 1.0, 1.0, 0.0, 0.0, 0.0, 1.0, 1.0, 1.0, 0.0, 1.0, 10.0, 0.512], [1.0, 0.0, 1.0, 0.0, 1.0, 1.0, 1.0, 0.0, 1.0, 1.0, 1.0, 0.0, 1.0, 0.0, 1.0, 0.512], [1.0, 0.0, 1.0, 0.0, 1.0, 1.0, 1.0, 0.0, 1.0, 1.0, 0.0, 0.0, 0.0, 0.0, 10.0, 2.048], [1.0, 0.0, 1.0, 0.0, 1.0, 1.0, 1.0, 0.0, 1.0, 1.0, 0.0, 0.0, 0.0, 0.0, 1.0, 0.512], [1.0, 0.0, 1.0, 1.0, 0.0, 1.0, 1.0, 1.0, 0.0, 0.0, 1.0, 1.0, 0.0, 0.0, 1.0, 4.096], [1.0, 0.0, 1.0, 0.0, 1.0, 1.0, 0.0, 0.0, 0.0, 1.0, 1.0, 0.0, 1.0, 0.0, 1.0, 2.048], [1.0, 0.0, 1.0, 0.0, 1.0, 1.0, 1.0, 0.0, 1.0, 1.0, 1.0, 1.0, 0.0, 1.0, 500.0, 0.256], [1.0, 0.0, 1.0, 0.0, 1.0, 1.0, 0.0, 0.0, 0.0, 1.0, 1.0, 1.0, 0.0, 0.0, 50.0, 2.048], [1.0, 0.0, 1.0, 1.0, 0.0, 1.0, 1.0, 1.0, 0.0, 1.0, 0.0, 0.0, 0.0, 1.0, 10.0, 0.256]]"
1.1238111254527618,"[[0.994093742892119, 0.0], [0.9722381581733164, 0.643260129489752], [0.9551503378002808, 0.9324923835393921], [0.9196032912690076, 0.9468899362873388], [0.9798512853459231, 0.6318549333047733], [0.9660120801979111, 0.0509473182789468], [0.9521676605792325, 0.8610658386056683], [0.9634569895714883, 0.5055889566441583], [0.9299470629137976, 0.9057864943597146], [0.9658417408228159, 0.04177671616384772]]","[[341073.6, 35.952438], [338558.8, 43.754099], [336592.6, 48.186849], [332502.4, 48.346708], [339434.8, 43.573251], [337842.4, 37.793071], [336249.4, 47.207764], [337548.4, 43.077819], [333692.6, 47.890328], [337822.8, 37.553062]]","[[1.0, 0.0, 1.0, 0.0, 1.0, 1.0, 0.0, 0.0, 0.0, 1.0, 1.0, 1.0, 0.0, 1.0, 100.0, 4.096], [1.0, 0.0, 1.0, 0.0, 1.0, 1.0, 0.0, 0.0, 0.0, 1.0, 1.0, 1.0, 0.0, 1.0, 10.0, 0.256], [1.0, 0.0, 1.0, 0.0, 1.0, 1.0, 0.0, 0.0, 0.0, 0.0, 1.0, 1.0, 0.0, 1.0, 1.0, 2.048], [1.0, 0.0, 1.0, 1.0, 0.0, 1.0, 1.0, 0.0, 1.0, 1.0, 1.0, 0.0, 1.0, 0.0, 1.0, 0.512], [1.0, 0.0, 1.0, 1.0, 0.0, 1.0, 1.0, 1.0, 0.0, 1.0, 1.0, 0.0, 1.0, 0.0, 10.0, 4.096], [1.0, 0.0, 1.0, 1.0, 0.0, 1.0, 1.0, 0.0, 1.0, 1.0, 1.0, 0.0, 1.0, 0.0, 100.0, 0.256], [1.0, 0.0, 1.0, 0.0, 1.0, 1.0, 0.0, 0.0, 0.0, 1.0, 0.0, 0.0, 0.0, 1.0, 1.0, 4.096], [1.0, 0.0, 1.0, 0.0, 1.0, 1.0, 1.0, 1.0, 0.0, 1.0, 0.0, 0.0, 0.0, 0.0, 10.0, 4.096], [1.0, 0.0, 1.0, 0.0, 1.0, 1.0, 1.0, 1.0, 0.0, 0.0, 1.0, 0.0, 1.0, 1.0, 1.0, 1.024], [1.0, 0.0, 1.0, 0.0, 1.0, 1.0, 0.0, 0.0, 0.0, 0.0, 1.0, 1.0, 0.0, 1.0, 100.0, 4.096]]"
1.139613636420472,"[[0.9307865926910511, 0.972937817345005], [0.9445892965444004, 0.950830869957585], [0.9734235811714257, 0.050460645032777016], [0.9658921473725888, 0.5616671074795729], [0.9548965668945276, 0.9235744190957497], [0.9727769868088205, 0.076685749520119], [0.965629685682392, 0.017657637897939227], [0.9383753856672157, 0.9486840126342387], [0.9435707366076086, 0.9168550087537228], [0.9634569895714883, 0.5055889566441583]]","[[333789.2, 48.635923], [335377.4, 48.390465], [338695.2, 37.780334], [337828.6, 43.298364], [336563.4, 48.087831], [338620.8, 38.466686], [337798.4, 36.921828], [334662.4, 48.366628], [335260.2, 48.013224], [337548.4, 43.077819]]","[[1.0, 0.0, 1.0, 0.0, 1.0, 1.0, 0.0, 0.0, 0.0, 1.0, 1.0, 1.0, 0.0, 1.0, 1.0, 2.048], [1.0, 0.0, 1.0, 0.0, 1.0, 1.0, 1.0, 0.0, 1.0, 1.0, 1.0, 1.0, 0.0, 1.0, 1.0, 4.096], [1.0, 0.0, 1.0, 0.0, 1.0, 1.0, 0.0, 0.0, 0.0, 1.0, 1.0, 0.0, 1.0, 1.0, 200.0, 2.048], [1.0, 0.0, 1.0, 1.0, 0.0, 1.0, 0.0, 0.0, 0.0, 1.0, 0.0, 0.0, 0.0, 1.0, 10.0, 4.096], [1.0, 0.0, 1.0, 0.0, 1.0, 1.0, 1.0, 0.0, 1.0, 0.0, 1.0, 0.0, 1.0, 0.0, 1.0, 0.256], [1.0, 0.0, 1.0, 0.0, 1.0, 1.0, 0.0, 0.0, 0.0, 0.0, 1.0, 1.0, 0.0, 1.0, 50.0, 2.048], [1.0, 0.0, 1.0, 1.0, 0.0, 1.0, 1.0, 1.0, 0.0, 0.0, 1.0, 0.0, 1.0, 0.0, 200.0, 2.048], [1.0, 0.0, 1.0, 1.0, 0.0, 1.0, 1.0, 1.0, 0.0, 1.0, 1.0, 1.0, 0.0, 0.0, 1.0, 0.512], [1.0, 0.0, 1.0, 1.0, 0.0, 1.0, 1.0, 0.0, 1.0, 1.0, 0.0, 0.0, 0.0, 0.0, 1.0, 4.096], [1.0, 0.0, 1.0, 0.0, 1.0, 1.0, 1.0, 1.0, 0.0, 1.0, 0.0, 0.0, 0.0, 0.0, 10.0, 4.096]]"
1.1269433909649265,"[[0.9600901796780317, 0.9355838328670697], [0.950332166904741, 0.9483803165779263], [0.937601905851734, 0.9557219796047289], [0.9658921473725888, 0.5616671074795729], [0.9694310347980288, 0.05076154413096246], [0.9765922411795674, 0.03136476675962498], [1.0, 0.017738603636231955], [0.9517418121414954, 0.938159755437235], [0.9636169000052505, 0.5047193872374361], [0.9598972442633833, 0.9171852737117591]]","[[337161.0, 48.221174], [336038.2, 48.363256], [334573.4, 48.444772], [337828.6, 43.298364], [338235.8, 37.788209], [339059.8, 37.280565], [341753.2, 36.923947], [336200.4, 48.249775], [337566.8, 43.069436], [337138.8, 48.016891]]","[[1.0, 0.0, 1.0, 1.0, 0.0, 1.0, 0.0, 0.0, 0.0, 0.0, 1.0, 1.0, 0.0, 0.0, 1.0, 0.256], [1.0, 0.0, 1.0, 0.0, 1.0, 1.0, 1.0, 1.0, 0.0, 1.0, 1.0, 1.0, 0.0, 1.0, 1.0, 2.048], [1.0, 0.0, 1.0, 1.0, 0.0, 1.0, 1.0, 1.0, 0.0, 1.0, 1.0, 0.0, 1.0, 0.0, 1.0, 0.512], [1.0, 0.0, 1.0, 1.0, 0.0, 1.0, 0.0, 0.0, 0.0, 1.0, 0.0, 0.0, 0.0, 1.0, 10.0, 4.096], [1.0, 0.0, 1.0, 0.0, 1.0, 1.0, 0.0, 0.0, 0.0, 1.0, 1.0, 1.0, 0.0, 0.0, 500.0, 2.048], [1.0, 0.0, 1.0, 0.0, 1.0, 1.0, 0.0, 0.0, 0.0, 1.0, 1.0, 0.0, 1.0, 0.0, 500.0, 0.512], [1.0, 0.0, 1.0, 1.0, 0.0, 1.0, 1.0, 0.0, 1.0, 1.0, 0.0, 0.0, 0.0, 0.0, 500.0, 4.096], [1.0, 0.0, 1.0, 1.0, 0.0, 1.0, 1.0, 1.0, 0.0, 1.0, 1.0, 0.0, 1.0, 0.0, 1.0, 4.096], [1.0, 0.0, 1.0, 1.0, 0.0, 1.0, 1.0, 1.0, 0.0, 1.0, 1.0, 0.0, 1.0, 1.0, 10.0, 0.512], [1.0, 0.0, 1.0, 0.0, 1.0, 1.0, 0.0, 0.0, 0.0, 0.0, 1.0, 0.0, 1.0, 0.0, 1.0, 1.024]]"
1.1604888477947082,"[[0.9634761092972638, 0.9551552964533887], [0.9964941375554456, 0.9493443624221639], [0.9353492545239489, 0.9587377751105496], [0.9833658385749211, 0.6059474883720946], [0.9255721220248821, 0.9489732083746955], [0.9315948356443073, 0.9378543481635232], [0.9353423018963941, 0.9343483339048824], [0.9629529240737587, 0.8978477350454332], [0.9636169000052505, 0.5047193872374361], [0.946565580926878, 0.879795667110099]]","[[337550.6, 48.43848], [341349.8, 48.37396], [334314.2, 48.478257], [339839.2, 43.369742], [333189.2, 48.369839], [333882.2, 48.246384], [334313.4, 48.207456], [337490.4, 47.791001], [337566.8, 43.069436], [335604.8, 47.504756]]","[[1.0, 0.0, 1.0, 0.0, 1.0, 1.0, 0.0, 0.0, 0.0, 1.0, 1.0, 1.0, 0.0, 1.0, 1.0, 0.512], [1.0, 0.0, 1.0, 1.0, 0.0, 1.0, 1.0, 0.0, 1.0, 1.0, 1.0, 1.0, 0.0, 0.0, 1.0, 4.096], [1.0, 0.0, 1.0, 0.0, 1.0, 1.0, 1.0, 0.0, 1.0, 0.0, 1.0, 1.0, 0.0, 0.0, 1.0, 2.048], [1.0, 0.0, 1.0, 1.0, 0.0, 1.0, 1.0, 1.0, 0.0, 1.0, 1.0, 0.0, 1.0, 1.0, 10.0, 0.256], [1.0, 0.0, 1.0, 0.0, 1.0, 1.0, 0.0, 0.0, 0.0, 0.0, 1.0, 0.0, 1.0, 1.0, 1.0, 4.096], [1.0, 0.0, 1.0, 1.0, 0.0, 1.0, 0.0, 0.0, 0.0, 1.0, 1.0, 1.0, 0.0, 1.0, 1.0, 0.256], [1.0, 0.0, 1.0, 1.0, 0.0, 1.0, 1.0, 1.0, 0.0, 0.0, 1.0, 0.0, 1.0, 0.0, 1.0, 4.096], [1.0, 0.0, 1.0, 1.0, 0.0, 1.0, 0.0, 0.0, 0.0, 1.0, 0.0, 0.0, 0.0, 0.0, 1.0, 4.096], [1.0, 0.0, 1.0, 1.0, 0.0, 1.0, 1.0, 1.0, 0.0, 1.0, 1.0, 0.0, 1.0, 1.0, 10.0, 0.512], [1.0, 0.0, 1.0, 1.0, 0.0, 1.0, 0.0, 0.0, 0.0, 1.0, 0.0, 0.0, 0.0, 1.0, 1.0, 4.096]]"
1.1230795963120173,"[[0.9643834271931774, 0.9438975574406642], [0.9634761092972638, 0.9551552964533887], [0.9527325615680675, 0.9296896796318022], [0.9472782252512545, 0.948217750925007], [0.9619221970387456, 0.10054584440983669], [0.9531810060453578, 0.8972698695858042], [0.9607889187472984, 0.03210327822244756], [0.9562071371886246, 0.03669150229980826], [0.946565580926878, 0.879795667110099], [0.9310334109692495, 0.9112459983755982]]","[[337655.0, 48.313483], [337550.6, 48.43848], [336314.4, 48.15573], [335686.8, 48.361451], [337371.8, 39.091142], [336366.0, 47.781838], [337241.4, 37.299893], [336714.2, 37.419974], [335604.8, 47.504756], [333817.6, 47.950946]]","[[1.0, 0.0, 1.0, 0.0, 1.0, 1.0, 1.0, 1.0, 0.0, 0.0, 1.0, 1.0, 0.0, 1.0, 1.0, 4.096], [1.0, 0.0, 1.0, 0.0, 1.0, 1.0, 0.0, 0.0, 0.0, 1.0, 1.0, 1.0, 0.0, 1.0, 1.0, 0.512], [1.0, 0.0, 1.0, 1.0, 0.0, 1.0, 1.0, 1.0, 0.0, 0.0, 1.0, 1.0, 0.0, 1.0, 1.0, 0.256], [1.0, 0.0, 1.0, 0.0, 1.0, 1.0, 1.0, 0.0, 1.0, 1.0, 1.0, 0.0, 1.0, 0.0, 1.0, 1.024], [1.0, 0.0, 1.0, 1.0, 0.0, 1.0, 1.0, 1.0, 0.0, 1.0, 1.0, 1.0, 0.0, 0.0, 50.0, 4.096], [1.0, 0.0, 1.0, 0.0, 1.0, 1.0, 1.0, 1.0, 0.0, 0.0, 1.0, 0.0, 1.0, 1.0, 1.0, 0.256], [1.0, 0.0, 1.0, 0.0, 1.0, 1.0, 0.0, 0.0, 0.0, 0.0, 1.0, 0.0, 1.0, 1.0, 200.0, 2.048], [1.0, 0.0, 1.0, 1.0, 0.0, 1.0, 0.0, 0.0, 0.0, 1.0, 1.0, 0.0, 1.0, 0.0, 500.0, 0.512], [1.0, 0.0, 1.0, 1.0, 0.0, 1.0, 0.0, 0.0, 0.0, 1.0, 0.0, 0.0, 0.0, 1.0, 1.0, 4.096], [1.0, 0.0, 1.0, 1.0, 0.0, 1.0, 1.0, 1.0, 0.0, 0.0, 1.0, 1.0, 0.0, 0.0, 1.0, 1.024]]"
1.1500451771442024,"[[0.9727769868088205, 0.076685749520119], [0.970234063280619, 0.9523362909484702], [0.95046948129895, 0.9745641943867884], [0.952772539176508, 0.9424907566104143], [0.9659373394516957, 0.6441305539221214], [0.9611834803610383, 0.9237185216135727], [0.963783763066568, 0.036896342943029924], [0.9519104133597013, 0.9050299561411428], [0.9293387080027447, 0.9277487988448697], [0.9229231709264685, 0.9424094287519177]]","[[338620.8, 38.466686], [338328.2, 48.40718], [336054.0, 48.653981], [336319.0, 48.297863], [337833.8, 43.767901], [337286.8, 48.089431], [337586.0, 37.425335], [336219.8, 47.881928], [333622.6, 48.13418], [332884.4, 48.29696]]","[[1.0, 0.0, 1.0, 0.0, 1.0, 1.0, 0.0, 0.0, 0.0, 0.0, 1.0, 1.0, 0.0, 1.0, 50.0, 2.048], [1.0, 0.0, 1.0, 0.0, 1.0, 1.0, 0.0, 0.0, 0.0, 1.0, 1.0, 1.0, 0.0, 0.0, 1.0, 4.096], [1.0, 0.0, 1.0, 0.0, 1.0, 1.0, 0.0, 0.0, 0.0, 1.0, 1.0, 0.0, 1.0, 1.0, 1.0, 1.024], [1.0, 0.0, 1.0, 0.0, 1.0, 1.0, 1.0, 0.0, 1.0, 1.0, 1.0, 1.0, 0.0, 0.0, 1.0, 1.024], [1.0, 0.0, 1.0, 1.0, 0.0, 1.0, 1.0, 1.0, 0.0, 1.0, 1.0, 1.0, 0.0, 0.0, 10.0, 0.256], [1.0, 0.0, 1.0, 0.0, 1.0, 1.0, 1.0, 0.0, 1.0, 1.0, 1.0, 1.0, 0.0, 0.0, 1.0, 0.256], [1.0, 0.0, 1.0, 0.0, 1.0, 1.0, 0.0, 0.0, 0.0, 1.0, 1.0, 0.0, 1.0, 1.0, 500.0, 0.256], [1.0, 0.0, 1.0, 1.0, 0.0, 1.0, 1.0, 0.0, 1.0, 1.0, 0.0, 0.0, 0.0, 0.0, 1.0, 0.512], [1.0, 0.0, 1.0, 0.0, 1.0, 1.0, 0.0, 0.0, 0.0, 0.0, 1.0, 1.0, 0.0, 0.0, 1.0, 2.048], [1.0, 0.0, 1.0, 0.0, 1.0, 1.0, 1.0, 0.0, 1.0, 0.0, 1.0, 1.0, 0.0, 1.0, 1.0, 0.512]]"
1.1527970468537743,"[[0.983171165003384, 0.5071375432686321], [0.9307865926910511, 0.972937817345005], [0.937989514837919, 0.9387892132479017], [0.9517418121414954, 0.938159755437235], [0.9676233516337569, 0.8840399479605874], [0.9217586058110241, 0.9312453563757785], [0.9218072742039081, 0.9299188926992152], [0.9231300115962264, 0.9113188602111723], [0.9512672953108737, 0.6435834642285404], [0.9694310347980288, 0.05076154413096246]]","[[339816.8, 43.092748], [333789.2, 48.635923], [334618.0, 48.256764], [336200.4, 48.249775], [338027.8, 47.572056], [332750.4, 48.173003], [332756.0, 48.158275], [332908.2, 47.951755], [336145.8, 43.759226], [338235.8, 37.788209]]","[[1.0, 0.0, 1.0, 0.0, 1.0, 1.0, 1.0, 0.0, 1.0, 1.0, 1.0, 1.0, 0.0, 1.0, 10.0, 4.096], [1.0, 0.0, 1.0, 0.0, 1.0, 1.0, 0.0, 0.0, 0.0, 1.0, 1.0, 1.0, 0.0, 1.0, 1.0, 2.048], [1.0, 0.0, 1.0, 0.0, 1.0, 1.0, 0.0, 0.0, 0.0, 1.0, 1.0, 0.0, 1.0, 1.0, 1.0, 4.096], [1.0, 0.0, 1.0, 1.0, 0.0, 1.0, 1.0, 1.0, 0.0, 1.0, 1.0, 0.0, 1.0, 0.0, 1.0, 4.096], [1.0, 0.0, 1.0, 0.0, 1.0, 1.0, 1.0, 0.0, 1.0, 0.0, 0.0, 0.0, 0.0, 0.0, 1.0, 4.096], [1.0, 0.0, 1.0, 1.0, 0.0, 1.0, 0.0, 0.0, 0.0, 0.0, 1.0, 1.0, 0.0, 0.0, 1.0, 1.024], [1.0, 0.0, 1.0, 1.0, 0.0, 1.0, 1.0, 1.0, 0.0, 1.0, 1.0, 0.0, 1.0, 1.0, 1.0, 4.096], [1.0, 0.0, 1.0, 0.0, 1.0, 1.0, 1.0, 1.0, 0.0, 1.0, 1.0, 0.0, 1.0, 0.0, 1.0, 0.256], [1.0, 0.0, 1.0, 1.0, 0.0, 1.0, 0.0, 0.0, 0.0, 1.0, 1.0, 1.0, 0.0, 0.0, 10.0, 4.096], [1.0, 0.0, 1.0, 0.0, 1.0, 1.0, 0.0, 0.0, 0.0, 1.0, 1.0, 1.0, 0.0, 0.0, 500.0, 2.048]]"
1.1184895954329326,"[[0.965064784693557, 0.9057342571970037], [0.9666343403640737, 0.0338062333852451], [0.9445892965444004, 0.950830869957585], [0.9575663758756057, 0.5105162400019939], [0.9601805638362455, 0.038293546412661784], [0.9229075275144696, 0.92445092266041], [0.9140342365975388, 0.9324863492464581], [0.9357751029616861, 0.8934654677684835], [0.9365364156789465, 0.5882422840980536], [0.952138111912124, 0.03329667270290825]]","[[337733.4, 47.889748], [337914.0, 37.344462], [335377.4, 48.390465], [336870.6, 43.12532], [337171.4, 37.461902], [332882.6, 48.097563], [331861.6, 48.186782], [334363.2, 47.721513], [334450.8, 43.341202], [336246.0, 37.331126]]","[[1.0, 0.0, 1.0, 1.0, 0.0, 1.0, 0.0, 0.0, 0.0, 1.0, 1.0, 0.0, 1.0, 1.0, 1.0, 2.048], [1.0, 0.0, 1.0, 1.0, 0.0, 1.0, 1.0, 0.0, 1.0, 1.0, 1.0, 0.0, 1.0, 0.0, 200.0, 0.256], [1.0, 0.0, 1.0, 0.0, 1.0, 1.0, 1.0, 0.0, 1.0, 1.0, 1.0, 1.0, 0.0, 1.0, 1.0, 4.096], [1.0, 0.0, 1.0, 0.0, 1.0, 1.0, 1.0, 1.0, 0.0, 0.0, 0.0, 0.0, 0.0, 0.0, 10.0, 1.024], [1.0, 0.0, 1.0, 0.0, 1.0, 1.0, 0.0, 0.0, 0.0, 1.0, 1.0, 1.0, 0.0, 1.0, 500.0, 0.256], [1.0, 0.0, 1.0, 0.0, 1.0, 1.0, 1.0, 0.0, 1.0, 1.0, 1.0, 0.0, 1.0, 0.0, 1.0, 0.512], [1.0, 0.0, 1.0, 1.0, 0.0, 1.0, 1.0, 0.0, 1.0, 1.0, 1.0, 0.0, 1.0, 0.0, 1.0, 4.096], [1.0, 0.0, 1.0, 0.0, 1.0, 1.0, 0.0, 0.0, 0.0, 0.0, 1.0, 0.0, 1.0, 0.0, 1.0, 0.256], [1.0, 0.0, 1.0, 0.0, 1.0, 1.0, 1.0, 0.0, 1.0, 1.0, 0.0, 0.0, 0.0, 1.0, 10.0, 0.512], [1.0, 0.0, 1.0, 0.0, 1.0, 1.0, 1.0, 0.0, 1.0, 1.0, 1.0, 1.0, 0.0, 1.0, 100.0, 4.096]]"
1.1623035520056098,"[[0.9390654339520385, 0.9606079555996749], [0.9964941375554456, 0.9493443624221639], [0.9722381581733164, 0.643260129489752], [0.9511925545646589, 0.9375176886562586], [0.9367901865847001, 0.956584523237975], [0.972090414837775, 0.0396770709137664], [0.9714785836129448, 0.3431534329604073], [0.9547470854020973, 0.632598975288043], [0.936044517279438, 0.8236372726883271], [0.9151883727716512, 0.8796597618317512]]","[[334741.8, 48.499022], [341349.8, 48.37396], [338558.8, 43.754099], [336137.2, 48.242646], [334480.0, 48.454349], [338541.8, 37.498111], [338471.4, 41.511875], [336546.2, 43.585049], [334394.2, 46.614273], [331994.4, 47.502601]]","[[1.0, 0.0, 1.0, 0.0, 1.0, 1.0, 0.0, 0.0, 0.0, 0.0, 1.0, 0.0, 1.0, 1.0, 1.0, 2.048], [1.0, 0.0, 1.0, 1.0, 0.0, 1.0, 1.0, 0.0, 1.0, 1.0, 1.0, 1.0, 0.0, 0.0, 1.0, 4.096], [1.0, 0.0, 1.0, 0.0, 1.0, 1.0, 0.0, 0.0, 0.0, 1.0, 1.0, 1.0, 0.0, 1.0, 10.0, 0.256], [1.0, 0.0, 1.0, 0.0, 1.0, 1.0, 0.0, 0.0, 0.0, 1.0, 1.0, 0.0, 1.0, 1.0, 1.0, 0.256], [1.0, 0.0, 1.0, 1.0, 0.0, 1.0, 1.0, 0.0, 1.0, 1.0, 1.0, 0.0, 1.0, 1.0, 1.0, 0.512], [1.0, 0.0, 1.0, 0.0, 1.0, 1.0, 0.0, 0.0, 0.0, 0.0, 1.0, 1.0, 0.0, 0.0, 500.0, 0.512], [1.0, 0.0, 1.0, 0.0, 1.0, 1.0, 1.0, 1.0, 0.0, 1.0, 0.0, 0.0, 0.0, 1.0, 10.0, 2.048], [1.0, 0.0, 1.0, 0.0, 1.0, 1.0, 0.0, 0.0, 0.0, 1.0, 1.0, 0.0, 1.0, 0.0, 10.0, 1.024], [1.0, 0.0, 1.0, 0.0, 1.0, 1.0, 1.0, 0.0, 1.0, 1.0, 0.0, 0.0, 0.0, 0.0, 1.0, 4.096], [1.0, 0.0, 1.0, 0.0, 1.0, 1.0, 0.0, 0.0, 0.0, 1.0, 1.0, 1.0, 0.0, 0.0, 1.0, 0.256]]"
1.2027248292818649,"[[0.9933897893521862, 0.9999963974370546], [0.9573491062645153, 0.0], [0.9524596709365378, 0.9330755484162078], [0.9557986703197747, 0.05772303103835437], [0.9445892965444004, 0.950830869957585], [0.937249060003323, 0.6343766541678879], [0.9508640429126903, 0.08015493462750356], [0.903255925730568, 0.9141091352766], [0.947676263178772, 0.08912061968056233], [0.924430152948991, 0.9117778267304396]]","[[340992.6, 48.93636], [336845.6, 36.394156], [336283.0, 48.193324], [336667.2, 37.970402], [335377.4, 48.390465], [334532.8, 43.613237], [336099.4, 38.55748], [330621.4, 47.982736], [335732.6, 38.792126], [333057.8, 47.956851]]","[[1.0, 0.0, 1.0, 1.0, 0.0, 1.0, 0.0, 0.0, 0.0, 1.0, 1.0, 0.0, 1.0, 0.0, 1.0, 4.096], [1.0, 0.0, 1.0, 1.0, 0.0, 1.0, 1.0, 1.0, 0.0, 1.0, 0.0, 0.0, 0.0, 0.0, 500.0, 2.048], [1.0, 0.0, 1.0, 1.0, 0.0, 1.0, 0.0, 0.0, 0.0, 1.0, 1.0, 0.0, 1.0, 0.0, 1.0, 0.256], [1.0, 0.0, 1.0, 0.0, 1.0, 1.0, 0.0, 0.0, 0.0, 1.0, 1.0, 1.0, 0.0, 0.0, 100.0, 2.048], [1.0, 0.0, 1.0, 0.0, 1.0, 1.0, 1.0, 0.0, 1.0, 1.0, 1.0, 1.0, 0.0, 1.0, 1.0, 4.096], [1.0, 0.0, 1.0, 0.0, 1.0, 1.0, 1.0, 0.0, 1.0, 0.0, 1.0, 1.0, 0.0, 1.0, 10.0, 1.024], [1.0, 0.0, 1.0, 0.0, 1.0, 1.0, 0.0, 0.0, 0.0, 0.0, 1.0, 0.0, 1.0, 0.0, 50.0, 0.256], [1.0, 0.0, 1.0, 0.0, 1.0, 1.0, 1.0, 1.0, 0.0, 0.0, 1.0, 1.0, 0.0, 0.0, 1.0, 2.048], [1.0, 0.0, 1.0, 0.0, 1.0, 1.0, 0.0, 0.0, 0.0, 1.0, 1.0, 1.0, 0.0, 1.0, 50.0, 1.024], [1.0, 0.0, 1.0, 0.0, 1.0, 1.0, 0.0, 0.0, 0.0, 0.0, 1.0, 0.0, 1.0, 0.0, 1.0, 2.048]]"
1.142747050061439,"[[0.9648683729651311, 0.4965225312087311], [0.9950688489066928, 0.05394198073231688], [0.9522145908152277, 0.9016376027434349], [0.9505650799278298, 0.9518852500676835], [0.95046948129895, 0.9745641943867884], [0.9619221970387456, 0.10054584440983669], [0.9424635306694918, 0.9436310578467649], [0.9598190272033907, 0.053964868168483664], [0.9515784253939551, 0.075594565209518], [0.94467098991817, 0.08082111567853391]]","[[337710.8, 42.990415], [341185.8, 37.871446], [336254.8, 47.844262], [336065.0, 48.402172], [336054.0, 48.653981], [337371.8, 39.091142], [335132.8, 48.310524], [337129.8, 37.872045], [336181.6, 38.438128], [335386.8, 38.574915]]","[[1.0, 0.0, 1.0, 0.0, 1.0, 1.0, 1.0, 1.0, 0.0, 1.0, 1.0, 1.0, 0.0, 1.0, 10.0, 2.048], [1.0, 0.0, 1.0, 1.0, 0.0, 1.0, 0.0, 0.0, 0.0, 1.0, 1.0, 1.0, 0.0, 0.0, 100.0, 2.048], [1.0, 0.0, 1.0, 0.0, 1.0, 1.0, 1.0, 1.0, 0.0, 1.0, 1.0, 1.0, 0.0, 0.0, 1.0, 0.512], [1.0, 0.0, 1.0, 0.0, 1.0, 1.0, 1.0, 0.0, 1.0, 0.0, 1.0, 0.0, 1.0, 1.0, 1.0, 0.256], [1.0, 0.0, 1.0, 0.0, 1.0, 1.0, 0.0, 0.0, 0.0, 1.0, 1.0, 0.0, 1.0, 1.0, 1.0, 1.024], [1.0, 0.0, 1.0, 1.0, 0.0, 1.0, 1.0, 1.0, 0.0, 1.0, 1.0, 1.0, 0.0, 0.0, 50.0, 4.096], [1.0, 0.0, 1.0, 1.0, 0.0, 1.0, 0.0, 0.0, 0.0, 1.0, 1.0, 1.0, 0.0, 0.0, 1.0, 2.048], [1.0, 0.0, 1.0, 1.0, 0.0, 1.0, 1.0, 1.0, 0.0, 1.0, 1.0, 1.0, 0.0, 0.0, 200.0, 2.048], [1.0, 0.0, 1.0, 0.0, 1.0, 1.0, 1.0, 1.0, 0.0, 1.0, 1.0, 0.0, 1.0, 0.0, 50.0, 1.024], [1.0, 0.0, 1.0, 0.0, 1.0, 1.0, 0.0, 0.0, 0.0, 0.0, 1.0, 0.0, 1.0, 0.0, 50.0, 2.048]]"
1.1108205082298102,"[[0.9885003540242087, 0.6367987321819125], [0.9950688489066928, 0.05394198073231688], [0.9284452953619411, 0.925933827632885], [0.9264325096848001, 0.9361089064163886], [0.9074848614408308, 0.9095953940980059], [0.9137022486317932, 0.8612953324840475], [0.9798512853459231, 0.6318549333047733], [0.965629685682392, 0.017657637897939227], [0.9652785779908697, 0.027546920792437993], [0.947425968586796, 0.03653385027706346]]","[[340430.0, 43.651643], [341185.8, 37.871446], [333519.8, 48.114028], [333288.2, 48.227004], [331108.0, 47.932619], [331823.4, 47.211403], [339434.8, 43.573251], [337798.4, 36.921828], [337758.0, 37.180646], [335703.8, 37.415848]]","[[1.0, 0.0, 1.0, 0.0, 1.0, 1.0, 1.0, 0.0, 1.0, 1.0, 0.0, 0.0, 0.0, 0.0, 10.0, 4.096], [1.0, 0.0, 1.0, 1.0, 0.0, 1.0, 0.0, 0.0, 0.0, 1.0, 1.0, 1.0, 0.0, 0.0, 100.0, 2.048], [1.0, 0.0, 1.0, 0.0, 1.0, 1.0, 0.0, 0.0, 0.0, 0.0, 1.0, 1.0, 0.0, 1.0, 1.0, 0.256], [1.0, 0.0, 1.0, 0.0, 1.0, 1.0, 1.0, 0.0, 1.0, 1.0, 1.0, 0.0, 1.0, 0.0, 1.0, 2.048], [1.0, 0.0, 1.0, 1.0, 0.0, 1.0, 1.0, 0.0, 1.0, 0.0, 1.0, 0.0, 1.0, 1.0, 1.0, 0.256], [1.0, 0.0, 1.0, 1.0, 0.0, 1.0, 0.0, 0.0, 0.0, 0.0, 1.0, 0.0, 1.0, 0.0, 1.0, 4.096], [1.0, 0.0, 1.0, 1.0, 0.0, 1.0, 1.0, 1.0, 0.0, 1.0, 1.0, 0.0, 1.0, 0.0, 10.0, 4.096], [1.0, 0.0, 1.0, 1.0, 0.0, 1.0, 1.0, 1.0, 0.0, 0.0, 1.0, 0.0, 1.0, 0.0, 200.0, 2.048], [1.0, 0.0, 1.0, 0.0, 1.0, 1.0, 1.0, 0.0, 1.0, 0.0, 1.0, 1.0, 0.0, 0.0, 500.0, 0.512], [1.0, 0.0, 1.0, 0.0, 1.0, 1.0, 1.0, 0.0, 1.0, 1.0, 1.0, 1.0, 0.0, 1.0, 100.0, 2.048]]"
1.1080519737793686,"[[0.9967322650492008, 0.07564133352649315], [0.9373429204753139, 0.9185832482627921], [0.965064784693557, 0.9057342571970037], [0.9264325096848001, 0.9361089064163886], [0.9652212188135421, 0.053586442178841905], [0.9634830619248191, 0.08922645974430496], [0.9619221970387456, 0.10054584440983669], [0.9510795743668918, 0.5198757029626497], [0.9500836104696533, 0.8729597892719445], [0.9282193349664071, 0.9179041651475499]]","[[341377.2, 38.439352], [334543.6, 48.032413], [337733.4, 47.889748], [333288.2, 48.227004], [337751.4, 37.862141], [337551.4, 38.794896], [337371.8, 39.091142], [336124.2, 43.215549], [336009.6, 47.396362], [333493.8, 48.024873]]","[[1.0, 0.0, 1.0, 1.0, 0.0, 1.0, 0.0, 0.0, 0.0, 0.0, 1.0, 1.0, 0.0, 1.0, 50.0, 0.256], [1.0, 0.0, 1.0, 0.0, 1.0, 1.0, 1.0, 0.0, 1.0, 0.0, 1.0, 0.0, 1.0, 1.0, 1.0, 0.512], [1.0, 0.0, 1.0, 1.0, 0.0, 1.0, 0.0, 0.0, 0.0, 1.0, 1.0, 0.0, 1.0, 1.0, 1.0, 2.048], [1.0, 0.0, 1.0, 0.0, 1.0, 1.0, 1.0, 0.0, 1.0, 1.0, 1.0, 0.0, 1.0, 0.0, 1.0, 2.048], [1.0, 0.0, 1.0, 1.0, 0.0, 1.0, 0.0, 0.0, 0.0, 1.0, 1.0, 1.0, 0.0, 1.0, 100.0, 1.024], [1.0, 0.0, 1.0, 0.0, 1.0, 1.0, 1.0, 0.0, 1.0, 1.0, 1.0, 1.0, 0.0, 0.0, 50.0, 4.096], [1.0, 0.0, 1.0, 1.0, 0.0, 1.0, 1.0, 1.0, 0.0, 1.0, 1.0, 1.0, 0.0, 0.0, 50.0, 4.096], [1.0, 0.0, 1.0, 0.0, 1.0, 1.0, 0.0, 0.0, 0.0, 1.0, 1.0, 0.0, 1.0, 1.0, 10.0, 0.256], [1.0, 0.0, 1.0, 0.0, 1.0, 1.0, 0.0, 0.0, 0.0, 1.0, 0.0, 0.0, 0.0, 1.0, 1.0, 0.256], [1.0, 0.0, 1.0, 0.0, 1.0, 1.0, 1.0, 1.0, 0.0, 1.0, 1.0, 1.0, 0.0, 0.0, 1.0, 0.256]]"
1.2027248292818644,"[[0.9933897893521862, 0.9999963974370546], [0.95046948129895, 0.9745641943867884], [0.9676233516337569, 0.8840399479605874], [0.952772539176508, 0.9424907566104143], [0.9764653557266909, 0.055529314222592656], [0.9544707184567904, 0.9412131076617632], [0.9659373394516957, 0.6441305539221214], [0.9372125587086597, 0.8955416337399384], [0.9308057124168272, 0.9504395415576211], [0.9633944159234942, 0.03243184093296163]]","[[340992.6, 48.93636], [336054.0, 48.653981], [338027.8, 47.572056], [336319.0, 48.297863], [339045.2, 37.912989], [336514.4, 48.283677], [337833.8, 43.767901], [334528.6, 47.754434], [333791.4, 48.38612], [337541.2, 37.308492]]","[[1.0, 0.0, 1.0, 1.0, 0.0, 1.0, 0.0, 0.0, 0.0, 1.0, 1.0, 0.0, 1.0, 0.0, 1.0, 4.096], [1.0, 0.0, 1.0, 0.0, 1.0, 1.0, 0.0, 0.0, 0.0, 1.0, 1.0, 0.0, 1.0, 1.0, 1.0, 1.024], [1.0, 0.0, 1.0, 0.0, 1.0, 1.0, 1.0, 0.0, 1.0, 0.0, 0.0, 0.0, 0.0, 0.0, 1.0, 4.096], [1.0, 0.0, 1.0, 0.0, 1.0, 1.0, 1.0, 0.0, 1.0, 1.0, 1.0, 1.0, 0.0, 0.0, 1.0, 1.024], [1.0, 0.0, 1.0, 0.0, 1.0, 1.0, 0.0, 0.0, 0.0, 1.0, 1.0, 0.0, 1.0, 0.0, 100.0, 0.512], [1.0, 0.0, 1.0, 1.0, 0.0, 1.0, 1.0, 1.0, 0.0, 1.0, 1.0, 0.0, 1.0, 0.0, 1.0, 1.024], [1.0, 0.0, 1.0, 1.0, 0.0, 1.0, 1.0, 1.0, 0.0, 1.0, 1.0, 1.0, 0.0, 0.0, 10.0, 0.256], [1.0, 0.0, 1.0, 1.0, 0.0, 1.0, 0.0, 0.0, 0.0, 1.0, 1.0, 1.0, 0.0, 0.0, 1.0, 0.512], [1.0, 0.0, 1.0, 0.0, 1.0, 1.0, 1.0, 0.0, 1.0, 1.0, 1.0, 1.0, 0.0, 0.0, 1.0, 0.512], [1.0, 0.0, 1.0, 1.0, 0.0, 1.0, 0.0, 0.0, 0.0, 1.0, 1.0, 1.0, 0.0, 0.0, 500.0, 4.096]]"
