mean:0.234900,,,,,,,,,,,,,,,,,,,,,,,,,,,,,,
mean:0.234900,,,,,,,,,,,,,,,,,,,,,,,,,,,,,,
0.2349, [[0.36752592592590405,0.0, 0.4917], [0.0,0.0, 0.4917], [0.36752592592590405,1.0, 0.3206739130434758], [0.0,0.9878496042216364, 0.4275652173913011], [0.36752592592590405,0.0, 0.4917], [0.36752592592590405,0.0, 0.4917], [0.36752592592590405,0.9878496042216364, 0.0], [0.0,1.0, 0.21378260869565055], [0.36752592592590405,0.9878496042216364, 0.0], [0.36752592592590405,0.9756992084432724, 0.10689130434782528]]
